0000000000000000000000000000000000000001
0000000000000000000000001110100000000001
0000000000000000000000000000000000000001
0000000000001000000000001110100000000001
0000000000000000000000000000000000000001
0000000000010000000000001110100000000001
0000000000000000000000000000000000000001
0000000000011000000000001110100000000001
1111111111110110000010110010000000000001
0000000000100000000000001110001000000001
1111111111110010000000000010000000000001
0000000000110001000010000010001001000001
0000000001010000000000001110001000000001
0000000001000001000010000010000000000001
0000000000110001000010000011010000000001
0000000001010010000000010010001000000001
0000000000111000000000001110001000000001
0000000000111000000000001100000000000001
0000000001001000000000001111001000000001
0000000000000000000000000000000000000001
0000000000010111111111110010000000000001
0000000000101000000000001110001000000001
0000000000000000000000000000000000000001
0000000000000000000000000000000000000001
0000000000100001000010000010000000000001
0000000001011000000000001110001000000001
1111111111110010000000100010000000000001
0000000001101001000010000010001001000001
0000000010001000000000001110001000000001
0000000001111001000010000010000000000001
0000000001101001000010000011010000000001
0000000010001010000000110010001000000001
0000000001110000000000001110001000000001
0000000001110000000000001100000000000001
0000000010000000000000001111001000000001
0000000000000000000000000000000000000001
0000000000001111111111110010000000000001
0000000001100000000000001110001000000001
0000000000000000000000000000000000000001
1111111111110010000001000010000000000001
0000000010011001000010000010001001000001
0000000010111000000000001110001000000001
0000000010101001000010000010000000000001
0000000010011001000010000011010000000001
0000000010111010000001010010001000000001
0000000010100000000000001110001000000001
0000000010100000000000001100000000000001
0000000010110000000000001111001000000001
0000000000000000000000000000000000000001
0000000000000111111111110010000000000001
0000000010010000000000001110001000000001
0000000000000000000000000000000000000001
1111111111110010000001100010000000000001
0000000011001001000010000010001001000001
0000000011101000000000001110001000000001
0000000011011001000010000010000000000001
0000000011001001000010000011010000000001
0000000011101010000001110010001000000001
0000000011010000000000001110001000000001
0000000011010000000000001100000000000001
0000000011100000000000001111001000000001
0000000000000000000000000000000000000001
0000000000011111111111110010000000000001
0000000011000000000000001110001000000001
0000000000000000000000000000000000000001
1111111111110010000010000010000000000001
0000000011110001000010000010001001000001
0000000100110000000000001110001000000001
0000000100000001000010000010000000000001
0000000011110001000010000011010000000001
0000000100110001000101000010001000000001
0000000011111000000000001110001000000001
0000000011111000000000001100000000000001
0000000100001000000000001111001000000001
0000000001100111111111110110000000000001
0000000010010111111111110100000000000001
1111111111110010000010010010000000000001
0000000100010001000010000010001001000001
0000000100110000000000001110001000000001
0000000100100001000010000010000000000001
0000000100010001000010000011010000000001
0000000100110001000101000010001000000001
0000000100011000000000001110001000000001
0000000100011000000000001100000000000001
0000000100101000000000001111001000000001
0000000000101111111111110110011000000001
0000000011000111111111110100010000000001
0000000000000000000000000000000000000001
0000000100111000000000001110011000000001
0000000101000000000000001110010000000001
1111111111110010000010100010000000000001
0000000101011001000010000010001001000001
0000000101111000000000001110001000000001
0000000101101001000010000010000000000001
0000000101011001000010000011010000000001
0000000101111010000010110010001000000001
0000000101100000000000001110001000000001
0000000101100000000000001100000000000001
0000000101110000000000001111001000000001
0000000100111111111111110010000000000001
0000000101001000000000001110001000000001
0000000101000111111111110010000000000001
0000000101010000000000001110001000000001
0000000101001010000011000010000000000001
0000000000000000000000000000000000000001
0000000110000000000000001110001000000001
0000000101001010000011000010000000000001
0000000000000000000000000000000000000001
0000000110001000000000001110001000000001
1111111111110010000011010010000000000001
0000000110100001000010000010001001000001
0000000111000000000000001110001000000001
0000000110110001000010000010000000000001
0000000110100001000010000011010000000001
0000000111000001000101000010001000000001
0000000110101000000000001110001000000001
0000000110101000000000001100000000000001
0000000110111000000000001111001000000001
0000000101010111111111110010000000000001
0000000000000000000000000000000000000001
0000000110010000000000001110001000000001
0000000101010111111111110010000000000001
0000000000000000000000000000000000000001
0000000110011000000000001110001000000001
0000000110001010000011100010000000000001
0000000110011010000011100010001000000001
0000000000000000000000000000000000000001
0000000111001000000000001110001000000001
1111111111110010000011110010000000000001
0000000111011001000010000010001001000001
0000000111111000000000001110001000000001
0000000111101001000010000010000000000001
0000000111011001000010000011010000000001
0000000111111001000101000010001000000001
0000000111100000000000001110001000000001
0000000111100000000000001100000000000001
0000000111110000000000001111001000000001
0000000110000111111111110010000000000001
0000000110010111111111110010001000000001
0000000000000000000000000000000000000001
0000000111010000000000001110001000000001
0000000111001010000100000010000000000001
0000001010111000000000001110001000000001
0000000000000000000000000000000000000001
1111111111110010000100010010000000000001
0000001000010001000010000010001001000001
0000001000110000000000001110001000000001
0000001000100001000010000010000000000001
0000001000010001000010000011010000000001
0000001000110001000101000010001000000001
0000001000011000000000001110001000000001
0000001000011000000000001100000000000001
0000001000101000000000001111001000000001
0000000111010111111111110010000000000001
0000000000000000000000000000000000000001
0000001000000000000000001110001000000001
0000000111010111111111110010000000000001
0000000000000000000000000000000000000001
0000001000001000000000001110001000000001
1111111111110010000100100010000000000001
0000001001001001000010000010001001000001
0000001001101000000000001110001000000001
0000001001011001000010000010000000000001
0000001001001001000010000011010000000001
0000001001101001000101000010001000000001
0000001001010000000000001110001000000001
0000001001010000000000001100000000000001
0000001001100000000000001111001000000001
0000001000000111111111110010000000000001
0000000000000000000000000000000000000001
0000001000111000000000001110001000000001
0000001000000111111111110010000000000001
0000000000000000000000000000000000000001
0000001001000000000000001110001000000001
1111111111110010000100110010000000000001
0000001010000001000010000010001001000001
0000001010100000000000001110001000000001
0000001010010001000010000010000000000001
0000001010000001000010000011010000000001
0000001010100001000101000010001000000001
0000001010001000000000001110001000000001
0000001010001000000000001100000000000001
0000001010011000000000001111001000000001
0000001000001111111111110010000000000001
0000000000000000000000000000000000000001
0000001001110000000000001110001000000001
0000001000001111111111110010000000000001
0000000000000000000000000000000000000001
0000001001111000000000001110001000000001
0000001011001010000110010010000000000001
0000001011000010000110100010001000000001
0000001010111010000101100010001000000001
0000001010110010000101110010001000000001
0000001010101010000110000010001000000001
0000001011010000000000001110001000000001
0000001011100010000110010010000000000001
0000001011011010000110100010001000000001
0000001011010010000101100010001000000001
0000001011001010000101110010001000000001
0000001011000010000110000010001000000001
0000001011101000000000001110001000000001
0000001011111010000110010010000000000001
0000001011110010000110100010001000000001
0000001011101010000101100010001000000001
0000001011100010000101110010001000000001
0000001011011010000110000010001000000001
0000001100000000000000001110001000000001
0000001100000000000000001100000000000001
0000001100000111111111110010000000000001
0000000000000000000000000000000000000001
0000011000001000000000001110001000000001
0000011000010000000000001111001000000001
0000001100011001000010000010000000000001
0000001100011010000101000010001001000001
0000011000010010000101000010001000000001
0000001100001001000010000011010000000001
0000001100001010000101000010001001000001
0000011000001010000101001000001000000001
0000011000001010000101000010001000000001
0000000000000000000000000000000000000001
0000001100010000000000001110001000000001
0000001100100000000000001111001000000001
0000011000011000000000001111011000000001
0000001100101001000010000010000000000001
1111111111110010000101010010001001000001
0000001100110000000000001110001000000001
0000011000011001000010000010001001001001
0000011000011001000010000010000000000001
0000001100110000000000001110001000100111
0000000000000000000000000000000000000001
0000001100110001000010000010000000000001
0000001101000010000111100010000000000001
0000001100111010000111110010001000000001
0000001010111010000110110010001000000001
0000001010110010000111000010001000000001
0000001010101010000111010010001000000001
0000001101001000000000001110001000000001
0000001101011010000111100010000000000001
0000001101010010000111110010001000000001
0000001101001010000110110010001000000001
0000001101000010000111000010001000000001
0000001100111010000111010010001000000001
0000001101100000000000001110001000000001
0000001101110010000111100010000000000001
0000001101101010000111110010001000000001
0000001101100010000110110010001000000001
0000001101011010000111000010001000000001
0000001101010010000111010010001000000001
0000001101111000000000001110001000000001
0000001101111000000000001100000000000001
0000001101111111111111110010000000000001
0000000000000000000000000000000000000001
0000011000001000000000001110001000000001
0000011000010000000000001111001000000001
0000001110010001000010000010000000000001
0000001110010010000101000010001001000001
0000011000010010000101000010001000000001
0000001110000001000010000011010000000001
0000001110000010000101000010001001000001
0000011000001010000101001000001000000001
0000011000001010000101000010001000000001
0000000000000000000000000000000000000001
0000001110001000000000001110001000000001
0000001110011000000000001111001000000001
0000011000011000000000001111011000000001
0000001110100001000010000010000000000001
1111111111110010000101010010001001000001
0000001110101000000000001110001000000001
0000011000011001000010000010001001001001
0000011000011001000010000010000000000001
0000001110101000000000001110001000100111
0000000000000000000000000000000000000001
0000001110101001000010000010000000000001
0000001110111010001000110010000000000001
0000001110110010001001000010001000000001
0000001010111010001000000010001000000001
0000001010110010001000010010001000000001
0000001010101010001000100010001000000001
0000001111000000000000001110001000000001
0000001111010010001000110010000000000001
0000001111001010001001000010001000000001
0000001111000010001000000010001000000001
0000001110111010001000010010001000000001
0000001110110010001000100010001000000001
0000001111011000000000001110001000000001
0000001111101010001000110010000000000001
0000001111100010001001000010001000000001
0000001111011010001000000010001000000001
0000001111010010001000010010001000000001
0000001111001010001000100010001000000001
0000001111110000000000001110001000000001
0000001111110000000000001100000000000001
0000001111110111111111110010000000000001
0000000000000000000000000000000000000001
0000011000001000000000001110001000000001
0000011000010000000000001111001000000001
0000010000001001000010000010000000000001
0000010000001010000101000010001001000001
0000011000010010000101000010001000000001
0000001111111001000010000011010000000001
0000001111111010000101000010001001000001
0000011000001010000101001000001000000001
0000011000001010000101000010001000000001
0000000000000000000000000000000000000001
0000010000000000000000001110001000000001
0000010000010000000000001111001000000001
0000011000011000000000001111011000000001
0000010000011001000010000010000000000001
1111111111110010000101010010001001000001
0000010000100000000000001110001000000001
0000011000011001000010000010001001001001
0000011000011001000010000010000000000001
0000010000100000000000001110001000100111
0000000000000000000000000000000000000001
0000010000100001000010000010000000000001
0000010000110010001010000010000000000001
0000010000101010001010010010001000000001
0000001010111010001001010010001000000001
0000001010110010001001100010001000000001
0000001010101010001001110010001000000001
0000010000111000000000001110001000000001
0000010001001010001010000010000000000001
0000010001000010001010010010001000000001
0000010000111010001001010010001000000001
0000010000110010001001100010001000000001
0000010000101010001001110010001000000001
0000010001010000000000001110001000000001
0000010001100010001010000010000000000001
0000010001011010001010010010001000000001
0000010001010010001001010010001000000001
0000010001001010001001100010001000000001
0000010001000010001001110010001000000001
0000010001101000000000001110001000000001
0000010001101000000000001100000000000001
0000010001101111111111110010000000000001
0000000000000000000000000000000000000001
0000011000001000000000001110001000000001
0000011000010000000000001111001000000001
0000010010000001000010000010000000000001
0000010010000010000101000010001001000001
0000011000010010000101000010001000000001
0000010001110001000010000011010000000001
0000010001110010000101000010001001000001
0000011000001010000101001000001000000001
0000011000001010000101000010001000000001
0000000000000000000000000000000000000001
0000010001111000000000001110001000000001
0000010010001000000000001111001000000001
0000011000011000000000001111011000000001
0000010010010001000010000010000000000001
1111111111110010000101010010001001000001
0000010010011000000000001110001000000001
0000011000011001000010000010001001001001
0000011000011001000010000010000000000001
0000010010011000000000001110001000100111
0000000000000000000000000000000000000001
0000010010011001000010000010000000000001
0000010010101010001011010010000000000001
0000010010100010001011100010001000000001
0000001010111010001010100010001000000001
0000001010110010001010110010001000000001
0000001010101010001011000010001000000001
0000010010110000000000001110001000000001
0000010011000010001011010010000000000001
0000010010111010001011100010001000000001
0000010010110010001010100010001000000001
0000010010101010001010110010001000000001
0000010010100010001011000010001000000001
0000010011001000000000001110001000000001
0000010011011010001011010010000000000001
0000010011010010001011100010001000000001
0000010011001010001010100010001000000001
0000010011000010001010110010001000000001
0000010010111010001011000010001000000001
0000010011100000000000001110001000000001
0000010011100000000000001100000000000001
0000010011100111111111110010000000000001
0000000000000000000000000000000000000001
0000011000001000000000001110001000000001
0000011000010000000000001111001000000001
0000010011111001000010000010000000000001
0000010011111010000101000010001001000001
0000011000010010000101000010001000000001
0000010011101001000010000011010000000001
0000010011101010000101000010001001000001
0000011000001010000101001000001000000001
0000011000001010000101000010001000000001
0000000000000000000000000000000000000001
0000010011110000000000001110001000000001
0000010100000000000000001111001000000001
0000011000011000000000001111011000000001
0000010100001001000010000010000000000001
1111111111110010000101010010001001000001
0000010100010000000000001110001000000001
0000011000011001000010000010001001001001
0000011000011001000010000010000000000001
0000010100010000000000001110001000100111
0000000000000000000000000000000000000001
0000010100010001000010000010000000000001
0000010100100010001100100010000000000001
0000010100011010001100110010001000000001
0000001010111010001011110010001000000001
0000001010110010001100000010001000000001
0000001010101010001100010010001000000001
0000010100101000000000001110001000000001
0000010100111010001100100010000000000001
0000010100110010001100110010001000000001
0000010100101010001011110010001000000001
0000010100100010001100000010001000000001
0000010100011010001100010010001000000001
0000010101000000000000001110001000000001
0000010101010010001100100010000000000001
0000010101001010001100110010001000000001
0000010101000010001011110010001000000001
0000010100111010001100000010001000000001
0000010100110010001100010010001000000001
0000010101011000000000001110001000000001
0000010101011000000000001100000000000001
0000010101011111111111110010000000000001
0000000000000000000000000000000000000001
0000011000001000000000001110001000000001
0000011000010000000000001111001000000001
0000010101110001000010000010000000000001
0000010101110010000101000010001001000001
0000011000010010000101000010001000000001
0000010101100001000010000011010000000001
0000010101100010000101000010001001000001
0000011000001010000101001000001000000001
0000011000001010000101000010001000000001
0000000000000000000000000000000000000001
0000010101101000000000001110001000000001
0000010101111000000000001111001000000001
0000011000011000000000001111011000000001
0000010110000001000010000010000000000001
1111111111110010000101010010001001000001
0000010110001000000000001110001000000001
0000011000011001000010000010001001001001
0000011000011001000010000010000000000001
0000010110001000000000001110001000100111
0000000000000000000000000000000000000001
0000010110001001000010000010000000000001
0000010110011010001101110010000000000001
0000010110010010001110000010001000000001
0000001010111010001101000010001000000001
0000001010110010001101010010001000000001
0000001010101010001101100010001000000001
0000010110100000000000001110001000000001
0000010110110010001101110010000000000001
0000010110101010001110000010001000000001
0000010110100010001101000010001000000001
0000010110011010001101010010001000000001
0000010110010010001101100010001000000001
0000010110111000000000001110001000000001
0000010111001010001101110010000000000001
0000010111000010001110000010001000000001
0000010110111010001101000010001000000001
0000010110110010001101010010001000000001
0000010110101010001101100010001000000001
0000010111010000000000001110001000000001
0000010111010000000000001100000000000001
0000010111010111111111110010000000000001
0000000000000000000000000000000000000001
0000011000001000000000001110001000000001
0000011000010000000000001111001000000001
0000010111101001000010000010000000000001
0000010111101010000101000010001001000001
0000011000010010000101000010001000000001
0000010111011001000010000011010000000001
0000010111011010000101000010001001000001
0000011000001010000101001000001000000001
0000011000001010000101000010001000000001
0000000000000000000000000000000000000001
0000010111100000000000001110001000000001
0000010111110000000000001111001000000001
0000011000011000000000001111011000000001
0000010111111001000010000010000000000001
1111111111110010000101010010001001000001
0000011000000000000000001110001000000001
0000011000011001000010000010001001001001
0000011000011001000010000010000000000001
0000011000000000000000001110001000100111
0000000000000000000000000000000000000001
0000011000000001000010000010000000000001
0000001010111001000010000010000000000001
0000011000100000000000001110001000000001
0000000000000000000000000000000000000001
0000001000111001000010000010000000000001
1111111101101000000000000000001000000001
0000001001000001000010000010000000000001
1111111101110000000000000000001000000001
1111111111110010001110010010000000000001
0000011000110001000010000010001001000001
0000011001010000000000001110001000000001
0000011001000001000010000010000000000001
0000011000110001000010000011010000000001
0000011001010010001110100010001000000001
0000011000111000000000001110001000000001
0000011000111000000000001100000000000001
0000011001001000000000001111001000000001
0000001001111111111111110010000000000001
0000011000101000000000001110001000000001
1111111111110010001110110010000000000001
0000011001100001000010000010001001000001
0000011010000000000000001110001000000001
0000011001110001000010000010000000000001
0000011001100001000010000011010000000001
0000011010000010001111000010001000000001
0000011001101000000000001110001000000001
0000011001101000000000001100000000000001
0000011001111000000000001111001000000001
0000001001110111111111110010000000000001
0000011001011000000000001110001000000001
0000011000101001000010000010000000000001
1111111100110000000000000000001000000001
0000011001011001000010000010000000000001
1111111100101000000000000000001000000001
0000000000000000000000000000000000000001
0000000000000000000000000000000000000001
0000000000000000000000000000000000000001
0000000000000000000000000000000000000001
0000000000000000000000000000000000000001
0000000000000000000000000000000000000001
0000000000000000000000000000000000000001
0000000000000000000000000000000000000001
0000000000000000000000000000000000000001
0000000000000000000000000000000000000001
0000000000000000000000000000000000000001
0000000000000000000000000000000000000001
0000000000000000000000000000000000000001
0000000000000000000000000000000000000001
0000000000000000000000000000000000000001
0000000000000000000000000000000000000001
0000000000000000000000000000000000000001
0000000000000000000000000000000000000001
0000000000000000000000000000000000000001
0000000000000000000000000000000000000001
0000000000000000000000000000000000000001
0000000000000000000000000000000000000001
0000000000000000000000000000000000000001
0000000000000000000000000000000000000001
0000000000000000000000000000000000000001
0000000000000000000000000000000000000001
0000000000000000000000000000000000000001
0000000000000000000000000000000000000001
0000000000000000000000000000000000000001
0000000000000000000000000000000000000001
0000000000000000000000000000000000000001
0000000000000000000000000000000000000001
0000000000000000000000000000000000000001
0000000000000000000000000000000000000001
0000000000000000000000000000000000000001
0000000000000000000000000000000000000001
0000000000000000000000000000000000000001
0000000000000000000000000000000000000001
0000000000000000000000000000000000000001
0000000000000000000000000000000000000001
0000000000000000000000000000000000000001
0000000000000000000000000000000000000001
0000000000000000000000000000000000000001
0000000000000000000000000000000000000001
0000000000000000000000000000000000000001
0000000000000000000000000000000000000001
0000000000000000000000000000000000000001
0000000000000000000000000000000000000001
0000000000000000000000000000000000000001
0000000000000000000000000000000000000001
0000000000000000000000000000000000000001
0000000000000000000000000000000000000001
0000000000000000000000000000000000000001
0000000000000000000000000000000000000001
0000000000000000000000000000000000000001
0000000000000000000000000000000000000001
0000000000000000000000000000000000000001
0000000000000000000000000000000000000001
0000000000000000000000000000000000000001
0000000000000000000000000000000000000001
0000000000000000000000000000000000000001
0000000000000000000000000000000000000001
0000000000000000000000000000000000000001
0000000000000000000000000000000000000001
0000000000000000000000000000000000000001
0000000000000000000000000000000000000001
0000000000000000000000000000000000000001
0000000000000000000000000000000000000001
0000000000000000000000000000000000000001
0000000000000000000000000000000000000001
0000000000000000000000000000000000000001
0000000000000000000000000000000000000001
0000000000000000000000000000000000000001
0000000000000000000000000000000000000001
0000000000000000000000000000000000000001
0000000000000000000000000000000000000001
0000000000000000000000000000000000000001
0000000000000000000000000000000000000001
0000000000000000000000000000000000000001
0000000000000000000000000000000000000001
0000000000000000000000000000000000000001
0000000000000000000000000000000000000001
0000000000000000000000000000000000000001
0000000000000000000000000000000000000001
0000000000000000000000000000000000000001
0000000000000000000000000000000000000001
0000000000000000000000000000000000000001
0000000000000000000000000000000000000001
0000000000000000000000000000000000000001
0000000000000000000000000000000000000001
0000000000000000000000000000000000000001
0000000000000000000000000000000000000001
0000000000000000000000000000000000000001
0000000000000000000000000000000000000001
0000000000000000000000000000000000000001
0000000000000000000000000000000000000001
0000000000000000000000000000000000000001
0000000000000000000000000000000000000001
0000000000000000000000000000000000000001
0000000000000000000000000000000000000001
0000000000000000000000000000000000000001
0000000000000000000000000000000000000001
0000000000000000000000000000000000000001
0000000000000000000000000000000000000001
0000000000000000000000000000000000000001
0000000000000000000000000000000000000001
0000000000000000000000000000000000000001
0000000000000000000000000000000000000001
0000000000000000000000000000000000000001
0000000000000000000000000000000000000001
0000000000000000000000000000000000000001
0000000000000000000000000000000000000001
0000000000000000000000000000000000000001
0000000000000000000000000000000000000001
0000000000000000000000000000000000000001
0000000000000000000000000000000000000001
0000000000000000000000000000000000000001
0000000000000000000000000000000000000001
0000000000000000000000000000000000000001
0000000000000000000000000000000000000001
0000000000000000000000000000000000000001
0000000000000000000000000000000000000001
0000000000000000000000000000000000000001
0000000000000000000000000000000000000001
0000000000000000000000000000000000000001
0000000000000000000000000000000000000001
0000000000000000000000000000000000000001
0000000000000000000000000000000000000001
0000000000000000000000000000000000000001
0000000000000000000000000000000000000001
0000000000000000000000000000000000000001
0000000000000000000000000000000000000001
0000000000000000000000000000000000000001
0000000000000000000000000000000000000001
0000000000000000000000000000000000000001
0000000000000000000000000000000000000001
0000000000000000000000000000000000000001
0000000000000000000000000000000000000001
0000000000000000000000000000000000000001
0000000000000000000000000000000000000001
0000000000000000000000000000000000000001
0000000000000000000000000000000000000001
0000000000000000000000000000000000000001
0000000000000000000000000000000000000001
0000000000000000000000000000000000000001
0000000000000000000000000000000000000001
0000000000000000000000000000000000000001
0000000000000000000000000000000000000001
0000000000000000000000000000000000000001
0000000000000000000000000000000000000001
0000000000000000000000000000000000000001
0000000000000000000000000000000000000001
0000000000000000000000000000000000000001
0000000000000000000000000000000000000001
0000000000000000000000000000000000000001
0000000000000000000000000000000000000001
0000000000000000000000000000000000000001
0000000000000000000000000000000000000001
0000000000000000000000000000000000000001
0000000000000000000000000000000000000001
0000000000000000000000000000000000000001
0000000000000000000000000000000000000001
0000000000000000000000000000000000000001
0000000000000000000000000000000000000001
0000000000000000000000000000000000000001
0000000000000000000000000000000000000001
0000000000000000000000000000000000000001
0000000000000000000000000000000000000001
0000000000000000000000000000000000000001
0000000000000000000000000000000000000001
0000000000000000000000000000000000000001
0000000000000000000000000000000000000001
0000000000000000000000000000000000000001
0000000000000000000000000000000000000001
0000000000000000000000000000000000000001
0000000000000000000000000000000000000001
0000000000000000000000000000000000000001
0000000000000000000000000000000000000001
0000000000000000000000000000000000000001
0000000000000000000000000000000000000001
0000000000000000000000000000000000000001
0000000000000000000000000000000000000001
0000000000000000000000000000000000000001
0000000000000000000000000000000000000001
0000000000000000000000000000000000000001
0000000000000000000000000000000000000001
0000000000000000000000000000000000000001
0000000000000000000000000000000000000001
0000000000000000000000000000000000000001
0000000000000000000000000000000000000001
0000000000000000000000000000000000000001
0000000000000000000000000000000000000001
0000000000000000000000000000000000000001
0000000000000000000000000000000000000001
0000000000000000000000000000000000000001
0000000000000000000000000000000000000001
0000000000000000000000000000000000000001
0000000000000000000000000000000000000001
0000000000000000000000000000000000000001
0000000000000000000000000000000000000001
0000000000000000000000000000000000000001
0000000000000000000000000000000000000001
0000000000000000000000000000000000000001
0000000000000000000000000000000000000001
0000000000000000000000000000000000000001
0000000000000000000000000000000000000001
0000000000000000000000000000000000000001
0000000000000000000000000000000000000001
0000000000000000000000000000000000000001
0000000000000000000000000000000000000001
0000000000000000000000000000000000000001
0000000000000000000000000000000000000001
0000000000000000000000000000000000000001
0000000000000000000000000000000000000001
0000000000000000000000000000000000000001
0000000000000000000000000000000000000001
0000000000000000000000000000000000000001
0000000000000000000000000000000000000001
0000000000000000000000000000000000000001
0000000000000000000000000000000000000001
0000000000000000000000000000000000000001
0000000000000000000000000000000000000001
0000000000000000000000000000000000000001
0000000000000000000000000000000000000001
0000000000000000000000000000000000000001
0000000000000000000000000000000000000001
0000000000000000000000000000000000000001
0000000000000000000000000000000000000001
0000000000000000000000000000000000000001
0000000000000000000000000000000000000001
0000000000000000000000000000000000000001
0000000000000000000000000000000000000001
0000000000000000000000000000000000000001
0000000000000000000000000000000000000001
0000000000000000000000000000000000000001
0000000000000000000000000000000000000001
0000000000000000000000000000000000000001
0000000000000000000000000000000000000001
0000000000000000000000000000000000000001
0000000000000000000000000000000000000001
0000000000000000000000000000000000000001
0000000000000000000000000000000000000001
0000000000000000000000000000000000000001
0000000000000000000000000000000000000001
0000000000000000000000000000000000000001
0000000000000000000000000000000000000001
0000000000000000000000000000000000000001
0000000000000000000000000000000000000001
0000000000000000000000000000000000000001
0000000000000000000000000000000000000001
0000000000000000000000000000000000000001
0000000000000000000000000000000000000001
0000000000000000000000000000000000000001
0000000000000000000000000000000000000001
0000000000000000000000000000000000000001
0000000000000000000000000000000000000001
0000000000000000000000000000000000000001
0000000000000000000000000000000000000001
0000000000000000000000000000000000000001
0000000000000000000000000000000000000001
0000000000000000000000000000000000000001
0000000000000000000000000000000000000001
0000000000000000000000000000000000000001
0000000000000000000000000000000000000001
0000000000000000000000000000000000000001
0000000000000000000000000000000000000001
0000000000000000000000000000000000000001
0000000000000000000000000000000000000001
0000000000000000000000000000000000000001
0000000000000000000000000000000000000001
0000000000000000000000000000000000000001
0000000000000000000000000000000000000001
0000000000000000000000000000000000000001
0000000000000000000000000000000000000001
0000000000000000000000000000000000000001
0000000000000000000000000000000000000001
0000000000000000000000000000000000000001
0000000000000000000000000000000000000001
0000000000000000000000000000000000000001
0000000000000000000000000000000000000001
0000000000000000000000000000000000000001
0000000000000000000000000000000000000001
0000000000000000000000000000000000000001
0000000000000000000000000000000000000001
0000000000000000000000000000000000000001
0000000000000000000000000000000000000001
0000000000000000000000000000000000000001
0000000000000000000000000000000000000001
0000000000000000000000000000000000000001
0000000000000000000000000000000000000001
0000000000000000000000000000000000000001
0000000000000000000000000000000000000001
0000000000000000000000000000000000000001
0000000000000000000000000000000000000001
0000000000000000000000000000000000000001
0000000000000000000000000000000000000001
0000000000000000000000000000000000000001
0000000000000000000000000000000000000001
0000000000000000000000000000000000000001
0000000000000000000000000000000000000001
0000000000000000000000000000000000000001
0000000000000000000000000000000000000001
0000000000000000000000000000000000000001
0000000000000000000000000000000000000001
0000000000000000000000000000000000000001
0000000000000000000000000000000000000001
0000000000000000000000000000000000000001
0000000000000000000000000000000000000001
0000000000000000000000000000000000000001
0000000000000000000000000000000000000001
0000000000000000000000000000000000000001
0000000000000000000000000000000000000001
0000000000000000000000000000000000000001
0000000000000000000000000000000000000001
0000000000000000000000000000000000000001
0000000000000000000000000000000000000001
0000000000000000000000000000000000000001
0000000000000000000000000000000000000001
0000000000000000000000000000000000000001
0000000000000000000000000000000000000001
0000000000000000000000000000000000000001
0000000000000000000000000000000000000001
0000000000000000000000000000000000000001
0000000000000000000000000000000000000001
0000000000000000000000000000000000000001
0000000000000000000000000000000000000001
0000000000000000000000000000000000000001
0000000000000000000000000000000000000001
0000000000000000000000000000000000000001
0000000000000000000000000000000000000001
0000000000000000000000000000000000000001
0000000000000000000000000000000000000001
0000000000000000000000000000000000000001
0000000000000000000000000000000000000001
0000000000000000000000000000000000000001
0000000000000000000000000000000000000001
0000000000000000000000000000000000000001
0000000000000000000000000000000000000001
0000000000000000000000000000000000000001
0000000000000000000000000000000000000001
0000000000000000000000000000000000000001
0000000000000000000000000000000000000001
0000000000000000000000000000000000000001
0000000000000000000000000000000000000001
0000000000000000000000000000000000000001
0000000000000000000000000000000000000001
0000000000000000000000000000000000000001
0000000000000000000000000000000000000001
0000000000000000000000000000000000000001
0000000000000000000000000000000000000001
0000000000000000000000000000000000000001
0000000000000000000000000000000000000001
0000000000000000000000000000000000000001
0000000000000000000000000000000000000001
0000000000000000000000000000000000000001
0000000000000000000000000000000000000001
0000000000000000000000000000000000000001
0000000000000000000000000000000000000001
0000000000000000000000000000000000000001
0000000000000000000000000000000000000001
0000000000000000000000000000000000000001
0000000000000000000000000000000000000001
0000000000000000000000000000000000000001
0000000000000000000000000000000000000001
0000000000000000000000000000000000000001
0000000000000000000000000000000000000001
0000000000000000000000000000000000000001
0000000000000000000000000000000000000001
0000000000000000000000000000000000000001
0000000000000000000000000000000000000001
0000000000000000000000000000000000000001
0000000000000000000000000000000000000001
0000000000000000000000000000000000000001
0000000000000000000000000000000000000001
0000000000000000000000000000000000000001
0000000000000000000000000000000000000001
0000000000000000000000000000000000000001
0000000000000000000000000000000000000001
0000000000000000000000000000000000000001
0000000000000000000000000000000000000001
0000000000000000000000000000000000000001
0000000000000000000000000000000000000001
0000000000000000000000000000000000000001
0000000000000000000000000000000000000001
0000000000000000000000000000000000000001
0000000000000000000000000000000000000001
0000000000000000000000000000000000000001
0000000000000000000000000000000000000001
0000000000000000000000000000000000000001
0000000000000000000000000000000000000001
0000000000000000000000000000000000000001
0000000000000000000000000000000000000001
0000000000000000000000000000000000000001
0000000000000000000000000000000000000001
0000000000000000000000000000000000000001
0000000000000000000000000000000000000001
0000000000000000000000000000000000000001
0000000000000000000000000000000000000001
0000000000000000000000000000000000000001
0000000000000000000000000000000000000001
0000000000000000000000000000000000000001
0000000000000000000000000000000000000001
0000000000000000000000000000000000000001
0000000000000000000000000000000000000001
0000000000000000000000000000000000000001
0000000000000000000000000000000000000001
0000000000000000000000000000000000000001
0000000000000000000000000000000000000001
0000000000000000000000000000000000000001
0000000000000000000000000000000000000001
0000000000000000000000000000000000000001
0000000000000000000000000000000000000001
0000000000000000000000000000000000000001
0000000000000000000000000000000000000001
0000000000000000000000000000000000000001
0000000000000000000000000000000000000001
0000000000000000000000000000000000000001
0000000000000000000000000000000000000001
0000000000000000000000000000000000000001
0000000000000000000000000000000000000001
0000000000000000000000000000000000000001
0000000000000000000000000000000000000001
0000000000000000000000000000000000000001
0000000000000000000000000000000000000001
0000000000000000000000000000000000000001
0000000000000000000000000000000000000001
0000000000000000000000000000000000000001
0000000000000000000000000000000000000001
0000000000000000000000000000000000000001
0000000000000000000000000000000000000001
0000000000000000000000000000000000000001
0000000000000000000000000000000000000001
0000000000000000000000000000000000000001
0000000000000000000000000000000000000001
0000000000000000000000000000000000000001
0000000000000000000000000000000000000001
0000000000000000000000000000000000000001
0000000000000000000000000000000000000001
0000000000000000000000000000000000000001
0000000000000000000000000000000000000001
0000000000000000000000000000000000000001
0000000000000000000000000000000000000001
0000000000000000000000000000000000000001
0000000000000000000000000000000000000001
0000000000000000000000000000000000000001
0000000000000000000000000000000000000001
0000000000000000000000000000000000000001
0000000000000000000000000000000000000001
0000000000000000000000000000000000000001
0000000000000000000000000000000000000001
0000000000000000000000000000000000000001
0000000000000000000000000000000000000001
0000000000000000000000000000000000000001
0000000000000000000000000000000000000001
0000000000000000000000000000000000000001
0000000000000000000000000000000000000001
0000000000000000000000000000000000000001
0000000000000000000000000000000000000001
0000000000000000000000000000000000000001
0000000000000000000000000000000000000001
0000000000000000000000000000000000000001
0000000000000000000000000000000000000001
0000000000000000000000000000000000000001
0000000000000000000000000000000000000001
0000000000000000000000000000000000000001
0000000000000000000000000000000000000001
0000000000000000000000000000000000000001
0000000000000000000000000000000000000001
0000000000000000000000000000000000000001
0000000000000000000000000000000000000001
0000000000000000000000000000000000000001
0000000000000000000000000000000000000001
0000000000000000000000000000000000000001
0000000000000000000000000000000000000001
0000000000000000000000000000000000000001
0000000000000000000000000000000000000001
0000000000000000000000000000000000000001
0000000000000000000000000000000000000001
0000000000000000000000000000000000000001
0000000000000000000000000000000000000001
0000000000000000000000000000000000000001
0000000000000000000000000000000000000001
0000000000000000000000000000000000000001
0000000000000000000000000000000000000001
0000000000000000000000000000000000000001
0000000000000000000000000000000000000001
0000000000000000000000000000000000000001
0000000000000000000000000000000000000001
0000000000000000000000000000000000000001
0000000000000000000000000000000000000001
0000000000000000000000000000000000000001
0000000000000000000000000000000000000001
0000000000000000000000000000000000000001
0000000000000000000000000000000000000001
0000000000000000000000000000000000000001
0000000000000000000000000000000000000001
0000000000000000000000000000000000000001
0000000000000000000000000000000000000001
0000000000000000000000000000000000000001
0000000000000000000000000000000000000001
0000000000000000000000000000000000000001
0000000000000000000000000000000000000001
0000000000000000000000000000000000000001
0000000000000000000000000000000000000001
0000000000000000000000000000000000000001
0000000000000000000000000000000000000001
0000000000000000000000000000000000000001
0000000000000000000000000000000000000001
