0000000000000000000000000000000000000001
0000000000000000000000001110100000000001
0000000000000000000000000000000000000001
0000000000001000000000001110100000000001
0000000000000000000000000000000000000001
0000000000010000000000001110100000000001
0000000000000000000000000000000000000001
0000000000011000000000001110100000000001
1111111111110110000010110010000000000001
0000000000100000000000001110001000000001
1111111111110010000000000010000000000001
0000000000101000000000001110001000000001
1111111111110010000000010010000000000001
0000000000111001000010000010001001000001
0000000001011000000000001110001000000001
0000000001001001000010000010000000000001
0000000000111001000010000011010000000001
0000000001011010000000100010001000000001
0000000001000000000000001110001000000001
0000000001000000000000001100000000000001
0000000001010000000000001111001000000001
0000000000000000000000000000000000000001
0000000000010111111111110010000000000001
0000000000110000000000001110001000000001
0000000000000000000000000000000000000001
0000000000000000000000000000000000000001
0000000000100001000010000010000000000001
0000000001100000000000001110001000000001
1111111111110010000000110010000000000001
0000000001110001000010000010001001000001
0000000010010000000000001110001000000001
0000000010000001000010000010000000000001
0000000001110001000010000011010000000001
0000000010010010000001000010001000000001
0000000001111000000000001110001000000001
0000000001111000000000001100000000000001
0000000010001000000000001111001000000001
0000000000000000000000000000000000000001
0000000000001111111111110010000000000001
0000000001101000000000001110001000000001
0000000000000000000000000000000000000001
1111111111110010000001010010000000000001
0000000010100001000010000010001001000001
0000000011000000000000001110001000000001
0000000010110001000010000010000000000001
0000000010100001000010000011010000000001
0000000011000010000001100010001000000001
0000000010101000000000001110001000000001
0000000010101000000000001100000000000001
0000000010111000000000001111001000000001
0000000000000000000000000000000000000001
0000000000000111111111110010000000000001
0000000010011000000000001110001000000001
0000000000000000000000000000000000000001
1111111111110010000001110010000000000001
0000000011010001000010000010001001000001
0000000011110000000000001110001000000001
0000000011100001000010000010000000000001
0000000011010001000010000011010000000001
0000000011110010000010000010001000000001
0000000011011000000000001110001000000001
0000000011011000000000001100000000000001
0000000011101000000000001111001000000001
0000000000000000000000000000000000000001
0000000000011111111111110010000000000001
0000000011001000000000001110001000000001
0000000000000000000000000000000000000001
0000000010011001000010000010000000000001
0000000100010000000000001110001000000001
0000000001101001000010000010000000000001
0000000100011000000000001110001000000001
0000000000110001000010000010000000000001
0000000100100000000000001110001000000001
0000000011001001000010000010000000000001
0000000100101000000000001110001000000001
0000000000101001000001110010000000000001
0000000100001000000000001110001000000001
0000000100001000000000001100000000000001
0000000000000111111111111010000000000001
0000000000000000000000000000000000000001
0000000100010001000010000010000010000001
0000000011111000000000001110001000000001
0000000100011001000010000010000010000001
0000000100000000000000001110001000000001
1111111111110010000010010010000000000001
0000000100110001000010000010001001000001
0000000101010000000000001110001000000001
0000000101000001000010000010000000000001
0000000100110001000010000011010000000001
0000000101010010000010100010001000000001
0000000100111000000000001110001000000001
0000000100111000000000001100000000000001
0000000101001000000000001111001000000001
0000000011111111111111110010000000000001
0000000101101000000000001110001000000001
0000000100000111111111110010000000000001
0000000110000000000000001110001000000001
0000000101101010000010110010000000000001
0000000110000010000010110010001000000001
0000000000000000000000000000000000000001
0000001001011000000000001110001000000001
0000000110010010000011110010000000000001
0000000110001010000100000010001000000001
0000000101101010000011000010001000000001
0000000101100010000011010010001000000001
0000000101011010000011100010001000000001
0000000110011000000000001110001000000001
0000000110101010000011110010000000000001
0000000110100010000100000010001000000001
0000000110000010000011000010001000000001
0000000101111010000011010010001000000001
0000000101110010000011100010001000000001
0000000110110000000000001110001000000001
0000000111000010000101000010000000000001
0000000110111010000101010010001000000001
0000000110011010000100010010001000000001
0000000110010010000100100010001000000001
0000000110001010000100110010001000000001
0000000111001000000000001110001000000001
0000000111011010000101000010000000000001
0000000111010010000101010010001000000001
0000000110110010000100010010001000000001
0000000110101010000100100010001000000001
0000000110100010000100110010001000000001
0000000111100000000000001110001000000001
0000000111110010000110010010000000000001
0000000111101010000110100010001000000001
0000000111001010000101100010001000000001
0000000111000010000101110010001000000001
0000000110111010000110000010001000000001
0000000111111000000000001110001000000001
0000001000001010000110010010000000000001
0000001000000010000110100010001000000001
0000000111100010000101100010001000000001
0000000111011010000101110010001000000001
0000000111010010000110000010001000000001
0000001000010000000000001110001000000001
0000001000100010000111100010000000000001
0000001000011010000111110010001000000001
0000000111111010000110110010001000000001
0000000111110010000111000010001000000001
0000000111101010000111010010001000000001
0000001000101000000000001110001000000001
0000001000111010000111100010000000000001
0000001000110010000111110010001000000001
0000001000010010000110110010001000000001
0000001000001010000111000010001000000001
0000001000000010000111010010001000000001
0000001001000000000000001110001000000001
0000001010000010001000110010000000000001
0000001001111010001001000010001000000001
0000001001101010001000110011010000000001
0000001001100010001001000010001000000001
0000001001011010001000000010001000000001
0000001001010010001000010010001000000001
0000001001001010001000100010001000000001
0000000000000000000000000000000000000001
0000001001110000000000001110001000000001
0000001010001000000000001111001000000001
0000000101101010001001010010000000000001
0000001000101010001001100010001000000001
0000001010010000000000001110001000000001
0000000110000010001001010010000000000001
0000001001000010001001100010001000000001
0000001010011000000000001110001000000001
0000001001011010001001010010000000000001
0000001001110010001001100010001000000001
0000001010100000000000001110001000000001
0000001001011010001001010010000000000001
0000001001110010001001100010001000000001
0000001010101000000000001110001000000001
1111111111110010001001110010000000000001
0000001011010001000010000010001001000001
0000001011110000000000001110001000000001
0000001011100001000010000010000000000001
0000001011010001000010000011010000000001
0000001011110010001010000010001000000001
0000001011011000000000001110001000000001
0000001011011000000000001100000000000001
0000001011101000000000001111001000000001
0000000000000000000000000000000000000001
0000001010010111111111110010000000000001
0000001010110000000000001110001000000001
0000001010011111111111110010000000000001
0000001010111000000000001110001000000001
0000001010100111111111110010000000000001
0000001011000000000000001110001000000001
0000001010101111111111110010000000000001
0000001011001000000000001110001000000001
0000000000000000000000000000000000000001
1111111111110010001010010010000000000001
0000001100011001000010000010001001000001
0000001100111000000000001110001000000001
0000001100101001000010000010000000000001
0000001100011001000010000011010000000001
0000001100111010001010100010001000000001
0000001100100000000000001110001000000001
0000001100100000000000001100000000000001
0000001100110000000000001111001000000001
0000000000000000000000000000000000000001
0000001010010111111111110010000000000001
0000001011111000000000001110001000000001
0000001010011111111111110010000000000001
0000001100000000000000001110001000000001
0000001010100111111111110010000000000001
0000001100001000000000001110001000000001
0000001010101111111111110010000000000001
0000001100010000000000001110001000000001
0000000000000000000000000000000000000001
0000001010010010001010110010000000000001
0000001010011010001010110010001000000001
0000000000000000000000000000000000000001
0000001101000000000000001110001000000001
0000001010110001000010000010000000000001
1111111101101000000000000000001000000001
0000001010111001000010000010000000000001
1111111101110000000000000000001000000001
0000001011000001000010000010000000000001
1111111101111000000000000000001000000001
0000001011001001000010000010000000000001
1111111110000000000000000000001000000001
0000001011111001000010000010000000000001
1111111100101000000000000000001000000001
0000001100000001000010000010000000000001
1111111110000000000000000000001000000001
0000001100001001000010000010000000000001
1111111100111000000000000000001000000001
0000001100010001000010000010000000000001
1111111101000000000000000000001000000001
0000001101000010001011000010000000000001
0000001101011000000000001110001000000001
0000000000000000000000000000000000000001
0000001101101010001100100010000000000001
0000001101100010001100110010001000000001
0000001101011010001011110010001000000001
0000001101010010001100000010001000000001
0000001101001010001100010010001000000001
0000001101110000000000001110001000000001
0000001110000010001100100010000000000001
0000001101111010001100110010001000000001
0000001101110010001011110010001000000001
0000001101101010001100000010001000000001
0000001101100010001100010010001000000001
0000001110001000000000001110001000000001
0000001110011010001100100010000000000001
0000001110010010001100110010001000000001
0000001110001010001011110010001000000001
0000001110000010001100000010001000000001
0000001101111010001100010010001000000001
0000001110100000000000001110001000000001
0000001110100000000000001100000000000001
0000001110100111111111110010000000000001
0000000000000000000000000000000000000001
0000011010101000000000001110001000000001
0000011010110000000000001111001000000001
0000001110111001000010000010000000000001
0000001110111010001011010010001001000001
0000011010110010001011010010001000000001
0000001110101001000010000011010000000001
0000001110101010001011010010001001000001
0000011010101010001011011000001000000001
0000011010101010001011010010001000000001
0000000000000000000000000000000000000001
0000001110110000000000001110001000000001
0000001111000000000000001111001000000001
0000011010111000000000001111011000000001
0000001111001001000010000010000000000001
1111111111110010001011100010001001000001
0000001111010000000000001110001000000001
0000011010111001000010000010001001001001
0000011010111001000010000010000000000001
0000001111010000000000001110001000100111
0000000000000000000000000000000000000001
0000001111010001000010000010000000000001
0000001111100010001101110010000000000001
0000001111011010001110000010001000000001
0000001101011010001101000010001000000001
0000001101010010001101010010001000000001
0000001101001010001101100010001000000001
0000001111101000000000001110001000000001
0000001111111010001101110010000000000001
0000001111110010001110000010001000000001
0000001111101010001101000010001000000001
0000001111100010001101010010001000000001
0000001111011010001101100010001000000001
0000010000000000000000001110001000000001
0000010000010010001101110010000000000001
0000010000001010001110000010001000000001
0000010000000010001101000010001000000001
0000001111111010001101010010001000000001
0000001111110010001101100010001000000001
0000010000011000000000001110001000000001
0000010000011000000000001100000000000001
0000010000011111111111110010000000000001
0000000000000000000000000000000000000001
0000011010101000000000001110001000000001
0000011010110000000000001111001000000001
0000010000110001000010000010000000000001
0000010000110010001011010010001001000001
0000011010110010001011010010001000000001
0000010000100001000010000011010000000001
0000010000100010001011010010001001000001
0000011010101010001011011000001000000001
0000011010101010001011010010001000000001
0000000000000000000000000000000000000001
0000010000101000000000001110001000000001
0000010000111000000000001111001000000001
0000011010111000000000001111011000000001
0000010001000001000010000010000000000001
1111111111110010001011100010001001000001
0000010001001000000000001110001000000001
0000011010111001000010000010001001001001
0000011010111001000010000010000000000001
0000010001001000000000001110001000100111
0000000000000000000000000000000000000001
0000010001001001000010000010000000000001
0000010001011010001111000010000000000001
0000010001010010001111010010001000000001
0000001101011010001110010010001000000001
0000001101010010001110100010001000000001
0000001101001010001110110010001000000001
0000010001100000000000001110001000000001
0000010001110010001111000010000000000001
0000010001101010001111010010001000000001
0000010001100010001110010010001000000001
0000010001011010001110100010001000000001
0000010001010010001110110010001000000001
0000010001111000000000001110001000000001
0000010010001010001111000010000000000001
0000010010000010001111010010001000000001
0000010001111010001110010010001000000001
0000010001110010001110100010001000000001
0000010001101010001110110010001000000001
0000010010010000000000001110001000000001
0000010010010000000000001100000000000001
0000010010010111111111110010000000000001
0000000000000000000000000000000000000001
0000011010101000000000001110001000000001
0000011010110000000000001111001000000001
0000010010101001000010000010000000000001
0000010010101010001011010010001001000001
0000011010110010001011010010001000000001
0000010010011001000010000011010000000001
0000010010011010001011010010001001000001
0000011010101010001011011000001000000001
0000011010101010001011010010001000000001
0000000000000000000000000000000000000001
0000010010100000000000001110001000000001
0000010010110000000000001111001000000001
0000011010111000000000001111011000000001
0000010010111001000010000010000000000001
1111111111110010001011100010001001000001
0000010011000000000000001110001000000001
0000011010111001000010000010001001001001
0000011010111001000010000010000000000001
0000010011000000000000001110001000100111
0000000000000000000000000000000000000001
0000010011000001000010000010000000000001
0000010011010010010000010010000000000001
0000010011001010010000100010001000000001
0000001101011010001111100010001000000001
0000001101010010001111110010001000000001
0000001101001010010000000010001000000001
0000010011011000000000001110001000000001
0000010011101010010000010010000000000001
0000010011100010010000100010001000000001
0000010011011010001111100010001000000001
0000010011010010001111110010001000000001
0000010011001010010000000010001000000001
0000010011110000000000001110001000000001
0000010100000010010000010010000000000001
0000010011111010010000100010001000000001
0000010011110010001111100010001000000001
0000010011101010001111110010001000000001
0000010011100010010000000010001000000001
0000010100001000000000001110001000000001
0000010100001000000000001100000000000001
0000010100001111111111110010000000000001
0000000000000000000000000000000000000001
0000011010101000000000001110001000000001
0000011010110000000000001111001000000001
0000010100100001000010000010000000000001
0000010100100010001011010010001001000001
0000011010110010001011010010001000000001
0000010100010001000010000011010000000001
0000010100010010001011010010001001000001
0000011010101010001011011000001000000001
0000011010101010001011010010001000000001
0000000000000000000000000000000000000001
0000010100011000000000001110001000000001
0000010100101000000000001111001000000001
0000011010111000000000001111011000000001
0000010100110001000010000010000000000001
1111111111110010001011100010001001000001
0000010100111000000000001110001000000001
0000011010111001000010000010001001001001
0000011010111001000010000010000000000001
0000010100111000000000001110001000100111
0000000000000000000000000000000000000001
0000010100111001000010000010000000000001
0000010101001010010001100010000000000001
0000010101000010010001110010001000000001
0000001101011010010000110010001000000001
0000001101010010010001000010001000000001
0000001101001010010001010010001000000001
0000010101010000000000001110001000000001
0000010101100010010001100010000000000001
0000010101011010010001110010001000000001
0000010101010010010000110010001000000001
0000010101001010010001000010001000000001
0000010101000010010001010010001000000001
0000010101101000000000001110001000000001
0000010101111010010001100010000000000001
0000010101110010010001110010001000000001
0000010101101010010000110010001000000001
0000010101100010010001000010001000000001
0000010101011010010001010010001000000001
0000010110000000000000001110001000000001
0000010110000000000000001100000000000001
0000010110000111111111110010000000000001
0000000000000000000000000000000000000001
0000011010101000000000001110001000000001
0000011010110000000000001111001000000001
0000010110011001000010000010000000000001
0000010110011010001011010010001001000001
0000011010110010001011010010001000000001
0000010110001001000010000011010000000001
0000010110001010001011010010001001000001
0000011010101010001011011000001000000001
0000011010101010001011010010001000000001
0000000000000000000000000000000000000001
0000010110010000000000001110001000000001
0000010110100000000000001111001000000001
0000011010111000000000001111011000000001
0000010110101001000010000010000000000001
1111111111110010001011100010001001000001
0000010110110000000000001110001000000001
0000011010111001000010000010001001001001
0000011010111001000010000010000000000001
0000010110110000000000001110001000100111
0000000000000000000000000000000000000001
0000010110110001000010000010000000000001
0000010111000010010010110010000000000001
0000010110111010010011000010001000000001
0000001101011010010010000010001000000001
0000001101010010010010010010001000000001
0000001101001010010010100010001000000001
0000010111001000000000001110001000000001
0000010111011010010010110010000000000001
0000010111010010010011000010001000000001
0000010111001010010010000010001000000001
0000010111000010010010010010001000000001
0000010110111010010010100010001000000001
0000010111100000000000001110001000000001
0000010111110010010010110010000000000001
0000010111101010010011000010001000000001
0000010111100010010010000010001000000001
0000010111011010010010010010001000000001
0000010111010010010010100010001000000001
0000010111111000000000001110001000000001
0000010111111000000000001100000000000001
0000010111111111111111110010000000000001
0000000000000000000000000000000000000001
0000011010101000000000001110001000000001
0000011010110000000000001111001000000001
0000011000010001000010000010000000000001
0000011000010010001011010010001001000001
0000011010110010001011010010001000000001
0000011000000001000010000011010000000001
0000011000000010001011010010001001000001
0000011010101010001011011000001000000001
0000011010101010001011010010001000000001
0000000000000000000000000000000000000001
0000011000001000000000001110001000000001
0000011000011000000000001111001000000001
0000011010111000000000001111011000000001
0000011000100001000010000010000000000001
1111111111110010001011100010001001000001
0000011000101000000000001110001000000001
0000011010111001000010000010001001001001
0000011010111001000010000010000000000001
0000011000101000000000001110001000100111
0000000000000000000000000000000000000001
0000011000101001000010000010000000000001
0000011000111010010100000010000000000001
0000011000110010010100010010001000000001
0000001101011010010011010010001000000001
0000001101010010010011100010001000000001
0000001101001010010011110010001000000001
0000011001000000000000001110001000000001
0000011001010010010100000010000000000001
0000011001001010010100010010001000000001
0000011001000010010011010010001000000001
0000011000111010010011100010001000000001
0000011000110010010011110010001000000001
0000011001011000000000001110001000000001
0000011001101010010100000010000000000001
0000011001100010010100010010001000000001
0000011001011010010011010010001000000001
0000011001010010010011100010001000000001
0000011001001010010011110010001000000001
0000011001110000000000001110001000000001
0000011001110000000000001100000000000001
0000011001110111111111110010000000000001
0000000000000000000000000000000000000001
0000011010101000000000001110001000000001
0000011010110000000000001111001000000001
0000011010001001000010000010000000000001
0000011010001010001011010010001001000001
0000011010110010001011010010001000000001
0000011001111001000010000011010000000001
0000011001111010001011010010001001000001
0000011010101010001011011000001000000001
0000011010101010001011010010001000000001
0000000000000000000000000000000000000001
0000011010000000000000001110001000000001
0000011010010000000000001111001000000001
0000011010111000000000001111011000000001
0000011010011001000010000010000000000001
1111111111110010001011100010001001000001
0000011010100000000000001110001000000001
0000011010111001000010000010001001001001
0000011010111001000010000010000000000001
0000011010100000000000001110001000100111
0000000000000000000000000000000000000001
0000011010100001000010000010000000000001
0000001101011001000010000010000000000001
0000011011000000000000001110001000000001
0000000000000000000000000000000000000001
0000000000000000000000000000000000000001
0000000000000000000000000000000000000001
0000000000000000000000000000000000000001
0000000000000000000000000000000000000001
0000000000000000000000000000000000000001
0000000000000000000000000000000000000001
0000000000000000000000000000000000000001
0000000000000000000000000000000000000001
0000000000000000000000000000000000000001
0000000000000000000000000000000000000001
0000000000000000000000000000000000000001
0000000000000000000000000000000000000001
0000000000000000000000000000000000000001
0000000000000000000000000000000000000001
0000000000000000000000000000000000000001
0000000000000000000000000000000000000001
0000000000000000000000000000000000000001
0000000000000000000000000000000000000001
0000000000000000000000000000000000000001
0000000000000000000000000000000000000001
0000000000000000000000000000000000000001
0000000000000000000000000000000000000001
0000000000000000000000000000000000000001
0000000000000000000000000000000000000001
0000000000000000000000000000000000000001
0000000000000000000000000000000000000001
0000000000000000000000000000000000000001
0000000000000000000000000000000000000001
0000000000000000000000000000000000000001
0000000000000000000000000000000000000001
0000000000000000000000000000000000000001
0000000000000000000000000000000000000001
0000000000000000000000000000000000000001
0000000000000000000000000000000000000001
0000000000000000000000000000000000000001
0000000000000000000000000000000000000001
0000000000000000000000000000000000000001
0000000000000000000000000000000000000001
0000000000000000000000000000000000000001
0000000000000000000000000000000000000001
0000000000000000000000000000000000000001
0000000000000000000000000000000000000001
0000000000000000000000000000000000000001
0000000000000000000000000000000000000001
0000000000000000000000000000000000000001
0000000000000000000000000000000000000001
0000000000000000000000000000000000000001
0000000000000000000000000000000000000001
0000000000000000000000000000000000000001
0000000000000000000000000000000000000001
0000000000000000000000000000000000000001
0000000000000000000000000000000000000001
0000000000000000000000000000000000000001
0000000000000000000000000000000000000001
0000000000000000000000000000000000000001
0000000000000000000000000000000000000001
0000000000000000000000000000000000000001
0000000000000000000000000000000000000001
0000000000000000000000000000000000000001
0000000000000000000000000000000000000001
0000000000000000000000000000000000000001
0000000000000000000000000000000000000001
0000000000000000000000000000000000000001
0000000000000000000000000000000000000001
0000000000000000000000000000000000000001
0000000000000000000000000000000000000001
0000000000000000000000000000000000000001
0000000000000000000000000000000000000001
0000000000000000000000000000000000000001
0000000000000000000000000000000000000001
0000000000000000000000000000000000000001
0000000000000000000000000000000000000001
0000000000000000000000000000000000000001
0000000000000000000000000000000000000001
0000000000000000000000000000000000000001
0000000000000000000000000000000000000001
0000000000000000000000000000000000000001
0000000000000000000000000000000000000001
0000000000000000000000000000000000000001
0000000000000000000000000000000000000001
0000000000000000000000000000000000000001
0000000000000000000000000000000000000001
0000000000000000000000000000000000000001
0000000000000000000000000000000000000001
0000000000000000000000000000000000000001
0000000000000000000000000000000000000001
0000000000000000000000000000000000000001
0000000000000000000000000000000000000001
0000000000000000000000000000000000000001
0000000000000000000000000000000000000001
0000000000000000000000000000000000000001
0000000000000000000000000000000000000001
0000000000000000000000000000000000000001
0000000000000000000000000000000000000001
0000000000000000000000000000000000000001
0000000000000000000000000000000000000001
0000000000000000000000000000000000000001
0000000000000000000000000000000000000001
0000000000000000000000000000000000000001
0000000000000000000000000000000000000001
0000000000000000000000000000000000000001
0000000000000000000000000000000000000001
0000000000000000000000000000000000000001
0000000000000000000000000000000000000001
0000000000000000000000000000000000000001
0000000000000000000000000000000000000001
0000000000000000000000000000000000000001
0000000000000000000000000000000000000001
0000000000000000000000000000000000000001
0000000000000000000000000000000000000001
0000000000000000000000000000000000000001
0000000000000000000000000000000000000001
0000000000000000000000000000000000000001
0000000000000000000000000000000000000001
0000000000000000000000000000000000000001
0000000000000000000000000000000000000001
0000000000000000000000000000000000000001
0000000000000000000000000000000000000001
0000000000000000000000000000000000000001
0000000000000000000000000000000000000001
0000000000000000000000000000000000000001
0000000000000000000000000000000000000001
0000000000000000000000000000000000000001
0000000000000000000000000000000000000001
0000000000000000000000000000000000000001
0000000000000000000000000000000000000001
0000000000000000000000000000000000000001
0000000000000000000000000000000000000001
0000000000000000000000000000000000000001
0000000000000000000000000000000000000001
0000000000000000000000000000000000000001
0000000000000000000000000000000000000001
0000000000000000000000000000000000000001
0000000000000000000000000000000000000001
0000000000000000000000000000000000000001
0000000000000000000000000000000000000001
0000000000000000000000000000000000000001
0000000000000000000000000000000000000001
0000000000000000000000000000000000000001
0000000000000000000000000000000000000001
0000000000000000000000000000000000000001
0000000000000000000000000000000000000001
0000000000000000000000000000000000000001
0000000000000000000000000000000000000001
0000000000000000000000000000000000000001
0000000000000000000000000000000000000001
0000000000000000000000000000000000000001
0000000000000000000000000000000000000001
0000000000000000000000000000000000000001
0000000000000000000000000000000000000001
0000000000000000000000000000000000000001
0000000000000000000000000000000000000001
0000000000000000000000000000000000000001
0000000000000000000000000000000000000001
0000000000000000000000000000000000000001
0000000000000000000000000000000000000001
0000000000000000000000000000000000000001
0000000000000000000000000000000000000001
0000000000000000000000000000000000000001
0000000000000000000000000000000000000001
0000000000000000000000000000000000000001
0000000000000000000000000000000000000001
0000000000000000000000000000000000000001
0000000000000000000000000000000000000001
0000000000000000000000000000000000000001
0000000000000000000000000000000000000001
0000000000000000000000000000000000000001
0000000000000000000000000000000000000001
0000000000000000000000000000000000000001
0000000000000000000000000000000000000001
0000000000000000000000000000000000000001
0000000000000000000000000000000000000001
0000000000000000000000000000000000000001
0000000000000000000000000000000000000001
0000000000000000000000000000000000000001
0000000000000000000000000000000000000001
0000000000000000000000000000000000000001
0000000000000000000000000000000000000001
0000000000000000000000000000000000000001
0000000000000000000000000000000000000001
0000000000000000000000000000000000000001
0000000000000000000000000000000000000001
0000000000000000000000000000000000000001
0000000000000000000000000000000000000001
0000000000000000000000000000000000000001
0000000000000000000000000000000000000001
0000000000000000000000000000000000000001
0000000000000000000000000000000000000001
0000000000000000000000000000000000000001
0000000000000000000000000000000000000001
0000000000000000000000000000000000000001
0000000000000000000000000000000000000001
0000000000000000000000000000000000000001
0000000000000000000000000000000000000001
0000000000000000000000000000000000000001
0000000000000000000000000000000000000001
0000000000000000000000000000000000000001
0000000000000000000000000000000000000001
0000000000000000000000000000000000000001
0000000000000000000000000000000000000001
0000000000000000000000000000000000000001
0000000000000000000000000000000000000001
0000000000000000000000000000000000000001
0000000000000000000000000000000000000001
0000000000000000000000000000000000000001
0000000000000000000000000000000000000001
0000000000000000000000000000000000000001
0000000000000000000000000000000000000001
0000000000000000000000000000000000000001
0000000000000000000000000000000000000001
0000000000000000000000000000000000000001
0000000000000000000000000000000000000001
0000000000000000000000000000000000000001
0000000000000000000000000000000000000001
0000000000000000000000000000000000000001
0000000000000000000000000000000000000001
0000000000000000000000000000000000000001
0000000000000000000000000000000000000001
0000000000000000000000000000000000000001
0000000000000000000000000000000000000001
0000000000000000000000000000000000000001
0000000000000000000000000000000000000001
0000000000000000000000000000000000000001
0000000000000000000000000000000000000001
0000000000000000000000000000000000000001
0000000000000000000000000000000000000001
0000000000000000000000000000000000000001
0000000000000000000000000000000000000001
0000000000000000000000000000000000000001
0000000000000000000000000000000000000001
0000000000000000000000000000000000000001
0000000000000000000000000000000000000001
0000000000000000000000000000000000000001
0000000000000000000000000000000000000001
0000000000000000000000000000000000000001
0000000000000000000000000000000000000001
0000000000000000000000000000000000000001
0000000000000000000000000000000000000001
0000000000000000000000000000000000000001
0000000000000000000000000000000000000001
0000000000000000000000000000000000000001
0000000000000000000000000000000000000001
0000000000000000000000000000000000000001
0000000000000000000000000000000000000001
0000000000000000000000000000000000000001
0000000000000000000000000000000000000001
0000000000000000000000000000000000000001
0000000000000000000000000000000000000001
0000000000000000000000000000000000000001
0000000000000000000000000000000000000001
0000000000000000000000000000000000000001
0000000000000000000000000000000000000001
0000000000000000000000000000000000000001
0000000000000000000000000000000000000001
0000000000000000000000000000000000000001
0000000000000000000000000000000000000001
0000000000000000000000000000000000000001
0000000000000000000000000000000000000001
0000000000000000000000000000000000000001
0000000000000000000000000000000000000001
0000000000000000000000000000000000000001
0000000000000000000000000000000000000001
0000000000000000000000000000000000000001
0000000000000000000000000000000000000001
0000000000000000000000000000000000000001
0000000000000000000000000000000000000001
0000000000000000000000000000000000000001
0000000000000000000000000000000000000001
0000000000000000000000000000000000000001
0000000000000000000000000000000000000001
0000000000000000000000000000000000000001
0000000000000000000000000000000000000001
0000000000000000000000000000000000000001
0000000000000000000000000000000000000001
0000000000000000000000000000000000000001
0000000000000000000000000000000000000001
0000000000000000000000000000000000000001
0000000000000000000000000000000000000001
0000000000000000000000000000000000000001
0000000000000000000000000000000000000001
0000000000000000000000000000000000000001
0000000000000000000000000000000000000001
0000000000000000000000000000000000000001
0000000000000000000000000000000000000001
0000000000000000000000000000000000000001
0000000000000000000000000000000000000001
0000000000000000000000000000000000000001
0000000000000000000000000000000000000001
0000000000000000000000000000000000000001
0000000000000000000000000000000000000001
0000000000000000000000000000000000000001
0000000000000000000000000000000000000001
0000000000000000000000000000000000000001
0000000000000000000000000000000000000001
0000000000000000000000000000000000000001
0000000000000000000000000000000000000001
0000000000000000000000000000000000000001
0000000000000000000000000000000000000001
0000000000000000000000000000000000000001
0000000000000000000000000000000000000001
0000000000000000000000000000000000000001
0000000000000000000000000000000000000001
0000000000000000000000000000000000000001
0000000000000000000000000000000000000001
0000000000000000000000000000000000000001
0000000000000000000000000000000000000001
0000000000000000000000000000000000000001
0000000000000000000000000000000000000001
0000000000000000000000000000000000000001
0000000000000000000000000000000000000001
0000000000000000000000000000000000000001
0000000000000000000000000000000000000001
0000000000000000000000000000000000000001
0000000000000000000000000000000000000001
0000000000000000000000000000000000000001
0000000000000000000000000000000000000001
0000000000000000000000000000000000000001
0000000000000000000000000000000000000001
0000000000000000000000000000000000000001
0000000000000000000000000000000000000001
0000000000000000000000000000000000000001
0000000000000000000000000000000000000001
0000000000000000000000000000000000000001
0000000000000000000000000000000000000001
0000000000000000000000000000000000000001
0000000000000000000000000000000000000001
0000000000000000000000000000000000000001
0000000000000000000000000000000000000001
0000000000000000000000000000000000000001
0000000000000000000000000000000000000001
0000000000000000000000000000000000000001
0000000000000000000000000000000000000001
0000000000000000000000000000000000000001
0000000000000000000000000000000000000001
0000000000000000000000000000000000000001
0000000000000000000000000000000000000001
0000000000000000000000000000000000000001
0000000000000000000000000000000000000001
0000000000000000000000000000000000000001
0000000000000000000000000000000000000001
0000000000000000000000000000000000000001
0000000000000000000000000000000000000001
0000000000000000000000000000000000000001
0000000000000000000000000000000000000001
0000000000000000000000000000000000000001
0000000000000000000000000000000000000001
0000000000000000000000000000000000000001
0000000000000000000000000000000000000001
0000000000000000000000000000000000000001
0000000000000000000000000000000000000001
0000000000000000000000000000000000000001
0000000000000000000000000000000000000001
0000000000000000000000000000000000000001
0000000000000000000000000000000000000001
0000000000000000000000000000000000000001
0000000000000000000000000000000000000001
0000000000000000000000000000000000000001
0000000000000000000000000000000000000001
0000000000000000000000000000000000000001
0000000000000000000000000000000000000001
0000000000000000000000000000000000000001
0000000000000000000000000000000000000001
0000000000000000000000000000000000000001
0000000000000000000000000000000000000001
0000000000000000000000000000000000000001
0000000000000000000000000000000000000001
0000000000000000000000000000000000000001
0000000000000000000000000000000000000001
0000000000000000000000000000000000000001
0000000000000000000000000000000000000001
0000000000000000000000000000000000000001
0000000000000000000000000000000000000001
0000000000000000000000000000000000000001
0000000000000000000000000000000000000001
0000000000000000000000000000000000000001
0000000000000000000000000000000000000001
0000000000000000000000000000000000000001
0000000000000000000000000000000000000001
0000000000000000000000000000000000000001
0000000000000000000000000000000000000001
0000000000000000000000000000000000000001
0000000000000000000000000000000000000001
0000000000000000000000000000000000000001
0000000000000000000000000000000000000001
0000000000000000000000000000000000000001
0000000000000000000000000000000000000001
0000000000000000000000000000000000000001
0000000000000000000000000000000000000001
0000000000000000000000000000000000000001
0000000000000000000000000000000000000001
0000000000000000000000000000000000000001
0000000000000000000000000000000000000001
0000000000000000000000000000000000000001
0000000000000000000000000000000000000001
0000000000000000000000000000000000000001
0000000000000000000000000000000000000001
0000000000000000000000000000000000000001
0000000000000000000000000000000000000001
0000000000000000000000000000000000000001
0000000000000000000000000000000000000001
0000000000000000000000000000000000000001
0000000000000000000000000000000000000001
0000000000000000000000000000000000000001
0000000000000000000000000000000000000001
0000000000000000000000000000000000000001
0000000000000000000000000000000000000001
0000000000000000000000000000000000000001
0000000000000000000000000000000000000001
0000000000000000000000000000000000000001
0000000000000000000000000000000000000001
0000000000000000000000000000000000000001
0000000000000000000000000000000000000001
0000000000000000000000000000000000000001
0000000000000000000000000000000000000001
0000000000000000000000000000000000000001
0000000000000000000000000000000000000001
0000000000000000000000000000000000000001
0000000000000000000000000000000000000001
0000000000000000000000000000000000000001
0000000000000000000000000000000000000001
0000000000000000000000000000000000000001
0000000000000000000000000000000000000001
0000000000000000000000000000000000000001
0000000000000000000000000000000000000001
0000000000000000000000000000000000000001
0000000000000000000000000000000000000001
0000000000000000000000000000000000000001
0000000000000000000000000000000000000001
0000000000000000000000000000000000000001
0000000000000000000000000000000000000001
0000000000000000000000000000000000000001
0000000000000000000000000000000000000001
0000000000000000000000000000000000000001
0000000000000000000000000000000000000001
0000000000000000000000000000000000000001
0000000000000000000000000000000000000001
0000000000000000000000000000000000000001
0000000000000000000000000000000000000001
0000000000000000000000000000000000000001
0000000000000000000000000000000000000001
0000000000000000000000000000000000000001
0000000000000000000000000000000000000001
0000000000000000000000000000000000000001
0000000000000000000000000000000000000001
0000000000000000000000000000000000000001
0000000000000000000000000000000000000001
0000000000000000000000000000000000000001
0000000000000000000000000000000000000001
0000000000000000000000000000000000000001
0000000000000000000000000000000000000001
0000000000000000000000000000000000000001
0000000000000000000000000000000000000001
0000000000000000000000000000000000000001
0000000000000000000000000000000000000001
0000000000000000000000000000000000000001
0000000000000000000000000000000000000001
0000000000000000000000000000000000000001
0000000000000000000000000000000000000001
0000000000000000000000000000000000000001
0000000000000000000000000000000000000001
0000000000000000000000000000000000000001
0000000000000000000000000000000000000001
0000000000000000000000000000000000000001
0000000000000000000000000000000000000001
0000000000000000000000000000000000000001
0000000000000000000000000000000000000001
0000000000000000000000000000000000000001
0000000000000000000000000000000000000001
0000000000000000000000000000000000000001
0000000000000000000000000000000000000001
0000000000000000000000000000000000000001
0000000000000000000000000000000000000001
0000000000000000000000000000000000000001
0000000000000000000000000000000000000001
0000000000000000000000000000000000000001
0000000000000000000000000000000000000001
0000000000000000000000000000000000000001
0000000000000000000000000000000000000001
0000000000000000000000000000000000000001
0000000000000000000000000000000000000001
0000000000000000000000000000000000000001
0000000000000000000000000000000000000001
0000000000000000000000000000000000000001
0000000000000000000000000000000000000001
0000000000000000000000000000000000000001
0000000000000000000000000000000000000001
0000000000000000000000000000000000000001
0000000000000000000000000000000000000001
0000000000000000000000000000000000000001
0000000000000000000000000000000000000001
0000000000000000000000000000000000000001
0000000000000000000000000000000000000001
0000000000000000000000000000000000000001
0000000000000000000000000000000000000001
0000000000000000000000000000000000000001
