0000000000000000000000000000000000000001
0000000000000000000000001110100000000001
0000000000000000000000000000000000000001
0000000000001000000000001110100000000001
0000000000000000000000000000000000000001
0000000000010000000000001110100000000001
0000000000000000000000000000000000000001
0000000000011000000000001110100000000001
1111111111110110000010110010000000000001
0000000000100000000000001110001000000001
1111111111110010000000000010000000000001
0000000000101000000000001110001000000001
1111111111110010000000010010000000000001
0000000000111001000010000010001001000001
0000000001011000000000001110001000000001
0000000001001001000010000010000000000001
0000000000111001000010000011010000000001
0000000001011010000000100010001000000001
0000000001000000000000001110001000000001
0000000001000000000000001100000000000001
0000000001010000000000001111001000000001
0000000000000000000000000000000000000001
0000000000010111111111110010000000000001
0000000000110000000000001110001000000001
0000000000000000000000000000000000000001
0000000000000000000000000000000000000001
0000000000100001000010000010000000000001
0000000001100000000000001110001000000001
1111111111110010000000110010000000000001
0000000001110001000010000010001001000001
0000000010010000000000001110001000000001
0000000010000001000010000010000000000001
0000000001110001000010000011010000000001
0000000010010010000001000010001000000001
0000000001111000000000001110001000000001
0000000001111000000000001100000000000001
0000000010001000000000001111001000000001
0000000000000000000000000000000000000001
0000000000001111111111110010000000000001
0000000001101000000000001110001000000001
0000000000000000000000000000000000000001
1111111111110010000001010010000000000001
0000000010100001000010000010001001000001
0000000011000000000000001110001000000001
0000000010110001000010000010000000000001
0000000010100001000010000011010000000001
0000000011000010000001100010001000000001
0000000010101000000000001110001000000001
0000000010101000000000001100000000000001
0000000010111000000000001111001000000001
0000000000000000000000000000000000000001
0000000000000111111111110010000000000001
0000000010011000000000001110001000000001
0000000000000000000000000000000000000001
1111111111110010000001110010000000000001
0000000011010001000010000010001001000001
0000000011110000000000001110001000000001
0000000011100001000010000010000000000001
0000000011010001000010000011010000000001
0000000011110010000010000010001000000001
0000000011011000000000001110001000000001
0000000011011000000000001100000000000001
0000000011101000000000001111001000000001
0000000000000000000000000000000000000001
0000000000011111111111110010000000000001
0000000011001000000000001110001000000001
0000000000000000000000000000000000000001
0000000010011001000010000010000000000001
0000000100010000000000001110001000000001
0000000001101001000010000010000000000001
0000000100011000000000001110001000000001
0000000000110001000010000010000000000001
0000000100100000000000001110001000000001
0000000011001001000010000010000000000001
0000000100101000000000001110001000000001
0000000000101001000001110010000000000001
0000000100001000000000001110001000000001
0000000100001000000000001100000000000001
0000000000000111111111111010000000000001
0000000000000000000000000000000000000001
0000000100010001000010000010000010000001
0000000011111000000000001110001000000001
0000000100011001000010000010000010000001
0000000100000000000000001110001000000001
1111111111110010000010010010000000000001
0000000101000001000010000010001001000001
0000000101100000000000001110001000000001
0000000101010001000010000010000000000001
0000000101000001000010000011010000000001
0000000101100010000010100010001000000001
0000000101001000000000001110001000000001
0000000101001000000000001100000000000001
0000000101011000000000001111001000000001
0000000011111111111111110010000000000001
0000000100110000000000001110001000000001
0000000100000111111111110010000000000001
0000000100111000000000001110001000000001
0000000100110010000010110010000000000001
0000000000000000000000000000000000000001
0000000101101000000000001110001000000001
0000000100110010000010110010000000000001
0000000000000000000000000000000000000001
0000000101110000000000001110001000000001
1111111111110010000011000010000000000001
0000000110001001000010000010001001000001
0000000110101000000000001110001000000001
0000000110011001000010000010000000000001
0000000110001001000010000011010000000001
0000000110101001000101000010001000000001
0000000110010000000000001110001000000001
0000000110010000000000001100000000000001
0000000110100000000000001111001000000001
0000000100111111111111110010000000000001
0000000000000000000000000000000000000001
0000000101111000000000001110001000000001
0000000100111111111111110010000000000001
0000000000000000000000000000000000000001
0000000110000000000000001110001000000001
0000000101110010000011010010000000000001
0000000110000010000011010010001000000001
0000000000000000000000000000000000000001
0000000110110000000000001110001000000001
1111111111110010000011100010000000000001
0000000111000001000010000010001001000001
0000000111100000000000001110001000000001
0000000111010001000010000010000000000001
0000000111000001000010000011010000000001
0000000111100001000101000010001000000001
0000000111001000000000001110001000000001
0000000111001000000000001100000000000001
0000000111011000000000001111001000000001
0000000101101111111111110010000000000001
0000000101111111111111110010001000000001
0000000000000000000000000000000000000001
0000000110111000000000001110001000000001
0000000110110010000011110010000000000001
0000001010100000000000001110001000000001
0000000000000000000000000000000000000001
1111111111110010000100000010000000000001
0000000111111001000010000010001001000001
0000001000011000000000001110001000000001
0000001000001001000010000010000000000001
0000000111111001000010000011010000000001
0000001000011001000101000010001000000001
0000001000000000000000001110001000000001
0000001000000000000000001100000000000001
0000001000010000000000001111001000000001
0000000110111111111111110010000000000001
0000000000000000000000000000000000000001
0000000111101000000000001110001000000001
0000000110111111111111110010000000000001
0000000000000000000000000000000000000001
0000000111110000000000001110001000000001
1111111111110010000100010010000000000001
0000001000110001000010000010001001000001
0000001001010000000000001110001000000001
0000001001000001000010000010000000000001
0000001000110001000010000011010000000001
0000001001010001000101000010001000000001
0000001000111000000000001110001000000001
0000001000111000000000001100000000000001
0000001001001000000000001111001000000001
0000000111101111111111110010000000000001
0000000000000000000000000000000000000001
0000001000100000000000001110001000000001
0000000111101111111111110010000000000001
0000000000000000000000000000000000000001
0000001000101000000000001110001000000001
1111111111110010000100100010000000000001
0000001001101001000010000010001001000001
0000001010001000000000001110001000000001
0000001001111001000010000010000000000001
0000001001101001000010000011010000000001
0000001010001001000101000010001000000001
0000001001110000000000001110001000000001
0000001001110000000000001100000000000001
0000001010000000000000001111001000000001
0000000111110111111111110010000000000001
0000000000000000000000000000000000000001
0000001001011000000000001110001000000001
0000000111110111111111110010000000000001
0000000000000000000000000000000000000001
0000001001100000000000001110001000000001
0000001010110010000110000010000000000001
0000001010101010000110010010001000000001
0000001010100010000101010010001000000001
0000001010011010000101100010001000000001
0000001010010010000101110010001000000001
0000001010111000000000001110001000000001
0000001011001010000110000010000000000001
0000001011000010000110010010001000000001
0000001010111010000101010010001000000001
0000001010110010000101100010001000000001
0000001010101010000101110010001000000001
0000001011010000000000001110001000000001
0000001011100010000110000010000000000001
0000001011011010000110010010001000000001
0000001011010010000101010010001000000001
0000001011001010000101100010001000000001
0000001011000010000101110010001000000001
0000001011101000000000001110001000000001
0000001011101000000000001100000000000001
0000001011101111111111110010000000000001
0000000000000000000000000000000000000001
0000010111110000000000001110001000000001
0000010111111000000000001111001000000001
0000001100000001000010000010000000000001
0000001100000010000100110010001001000001
0000010111111010000100110010001000000001
0000001011110001000010000011010000000001
0000001011110010000100110010001001000001
0000010111110010000100111000001000000001
0000010111110010000100110010001000000001
0000000000000000000000000000000000000001
0000001011111000000000001110001000000001
0000001100001000000000001111001000000001
0000011000000000000000001111011000000001
0000001100010001000010000010000000000001
1111111111110010000101000010001001000001
0000001100011000000000001110001000000001
0000011000000001000010000010001001001001
0000011000000001000010000010000000000001
0000001100011000000000001110001000100111
0000000000000000000000000000000000000001
0000001100011001000010000010000000000001
0000001100101010000111010010000000000001
0000001100100010000111100010001000000001
0000001010100010000110100010001000000001
0000001010011010000110110010001000000001
0000001010010010000111000010001000000001
0000001100110000000000001110001000000001
0000001101000010000111010010000000000001
0000001100111010000111100010001000000001
0000001100110010000110100010001000000001
0000001100101010000110110010001000000001
0000001100100010000111000010001000000001
0000001101001000000000001110001000000001
0000001101011010000111010010000000000001
0000001101010010000111100010001000000001
0000001101001010000110100010001000000001
0000001101000010000110110010001000000001
0000001100111010000111000010001000000001
0000001101100000000000001110001000000001
0000001101100000000000001100000000000001
0000001101100111111111110010000000000001
0000000000000000000000000000000000000001
0000010111110000000000001110001000000001
0000010111111000000000001111001000000001
0000001101111001000010000010000000000001
0000001101111010000100110010001001000001
0000010111111010000100110010001000000001
0000001101101001000010000011010000000001
0000001101101010000100110010001001000001
0000010111110010000100111000001000000001
0000010111110010000100110010001000000001
0000000000000000000000000000000000000001
0000001101110000000000001110001000000001
0000001110000000000000001111001000000001
0000011000000000000000001111011000000001
0000001110001001000010000010000000000001
1111111111110010000101000010001001000001
0000001110010000000000001110001000000001
0000011000000001000010000010001001001001
0000011000000001000010000010000000000001
0000001110010000000000001110001000100111
0000000000000000000000000000000000000001
0000001110010001000010000010000000000001
0000001110100010001000100010000000000001
0000001110011010001000110010001000000001
0000001010100010000111110010001000000001
0000001010011010001000000010001000000001
0000001010010010001000010010001000000001
0000001110101000000000001110001000000001
0000001110111010001000100010000000000001
0000001110110010001000110010001000000001
0000001110101010000111110010001000000001
0000001110100010001000000010001000000001
0000001110011010001000010010001000000001
0000001111000000000000001110001000000001
0000001111010010001000100010000000000001
0000001111001010001000110010001000000001
0000001111000010000111110010001000000001
0000001110111010001000000010001000000001
0000001110110010001000010010001000000001
0000001111011000000000001110001000000001
0000001111011000000000001100000000000001
0000001111011111111111110010000000000001
0000000000000000000000000000000000000001
0000010111110000000000001110001000000001
0000010111111000000000001111001000000001
0000001111110001000010000010000000000001
0000001111110010000100110010001001000001
0000010111111010000100110010001000000001
0000001111100001000010000011010000000001
0000001111100010000100110010001001000001
0000010111110010000100111000001000000001
0000010111110010000100110010001000000001
0000000000000000000000000000000000000001
0000001111101000000000001110001000000001
0000001111111000000000001111001000000001
0000011000000000000000001111011000000001
0000010000000001000010000010000000000001
1111111111110010000101000010001001000001
0000010000001000000000001110001000000001
0000011000000001000010000010001001001001
0000011000000001000010000010000000000001
0000010000001000000000001110001000100111
0000000000000000000000000000000000000001
0000010000001001000010000010000000000001
0000010000011010001001110010000000000001
0000010000010010001010000010001000000001
0000001010100010001001000010001000000001
0000001010011010001001010010001000000001
0000001010010010001001100010001000000001
0000010000100000000000001110001000000001
0000010000110010001001110010000000000001
0000010000101010001010000010001000000001
0000010000100010001001000010001000000001
0000010000011010001001010010001000000001
0000010000010010001001100010001000000001
0000010000111000000000001110001000000001
0000010001001010001001110010000000000001
0000010001000010001010000010001000000001
0000010000111010001001000010001000000001
0000010000110010001001010010001000000001
0000010000101010001001100010001000000001
0000010001010000000000001110001000000001
0000010001010000000000001100000000000001
0000010001010111111111110010000000000001
0000000000000000000000000000000000000001
0000010111110000000000001110001000000001
0000010111111000000000001111001000000001
0000010001101001000010000010000000000001
0000010001101010000100110010001001000001
0000010111111010000100110010001000000001
0000010001011001000010000011010000000001
0000010001011010000100110010001001000001
0000010111110010000100111000001000000001
0000010111110010000100110010001000000001
0000000000000000000000000000000000000001
0000010001100000000000001110001000000001
0000010001110000000000001111001000000001
0000011000000000000000001111011000000001
0000010001111001000010000010000000000001
1111111111110010000101000010001001000001
0000010010000000000000001110001000000001
0000011000000001000010000010001001001001
0000011000000001000010000010000000000001
0000010010000000000000001110001000100111
0000000000000000000000000000000000000001
0000010010000001000010000010000000000001
0000010010010010001011000010000000000001
0000010010001010001011010010001000000001
0000001010100010001010010010001000000001
0000001010011010001010100010001000000001
0000001010010010001010110010001000000001
0000010010011000000000001110001000000001
0000010010101010001011000010000000000001
0000010010100010001011010010001000000001
0000010010011010001010010010001000000001
0000010010010010001010100010001000000001
0000010010001010001010110010001000000001
0000010010110000000000001110001000000001
0000010011000010001011000010000000000001
0000010010111010001011010010001000000001
0000010010110010001010010010001000000001
0000010010101010001010100010001000000001
0000010010100010001010110010001000000001
0000010011001000000000001110001000000001
0000010011001000000000001100000000000001
0000010011001111111111110010000000000001
0000000000000000000000000000000000000001
0000010111110000000000001110001000000001
0000010111111000000000001111001000000001
0000010011100001000010000010000000000001
0000010011100010000100110010001001000001
0000010111111010000100110010001000000001
0000010011010001000010000011010000000001
0000010011010010000100110010001001000001
0000010111110010000100111000001000000001
0000010111110010000100110010001000000001
0000000000000000000000000000000000000001
0000010011011000000000001110001000000001
0000010011101000000000001111001000000001
0000011000000000000000001111011000000001
0000010011110001000010000010000000000001
1111111111110010000101000010001001000001
0000010011111000000000001110001000000001
0000011000000001000010000010001001001001
0000011000000001000010000010000000000001
0000010011111000000000001110001000100111
0000000000000000000000000000000000000001
0000010011111001000010000010000000000001
0000010100001010001100010010000000000001
0000010100000010001100100010001000000001
0000001010100010001011100010001000000001
0000001010011010001011110010001000000001
0000001010010010001100000010001000000001
0000010100010000000000001110001000000001
0000010100100010001100010010000000000001
0000010100011010001100100010001000000001
0000010100010010001011100010001000000001
0000010100001010001011110010001000000001
0000010100000010001100000010001000000001
0000010100101000000000001110001000000001
0000010100111010001100010010000000000001
0000010100110010001100100010001000000001
0000010100101010001011100010001000000001
0000010100100010001011110010001000000001
0000010100011010001100000010001000000001
0000010101000000000000001110001000000001
0000010101000000000000001100000000000001
0000010101000111111111110010000000000001
0000000000000000000000000000000000000001
0000010111110000000000001110001000000001
0000010111111000000000001111001000000001
0000010101011001000010000010000000000001
0000010101011010000100110010001001000001
0000010111111010000100110010001000000001
0000010101001001000010000011010000000001
0000010101001010000100110010001001000001
0000010111110010000100111000001000000001
0000010111110010000100110010001000000001
0000000000000000000000000000000000000001
0000010101010000000000001110001000000001
0000010101100000000000001111001000000001
0000011000000000000000001111011000000001
0000010101101001000010000010000000000001
1111111111110010000101000010001001000001
0000010101110000000000001110001000000001
0000011000000001000010000010001001001001
0000011000000001000010000010000000000001
0000010101110000000000001110001000100111
0000000000000000000000000000000000000001
0000010101110001000010000010000000000001
0000010110000010001101100010000000000001
0000010101111010001101110010001000000001
0000001010100010001100110010001000000001
0000001010011010001101000010001000000001
0000001010010010001101010010001000000001
0000010110001000000000001110001000000001
0000010110011010001101100010000000000001
0000010110010010001101110010001000000001
0000010110001010001100110010001000000001
0000010110000010001101000010001000000001
0000010101111010001101010010001000000001
0000010110100000000000001110001000000001
0000010110110010001101100010000000000001
0000010110101010001101110010001000000001
0000010110100010001100110010001000000001
0000010110011010001101000010001000000001
0000010110010010001101010010001000000001
0000010110111000000000001110001000000001
0000010110111000000000001100000000000001
0000010110111111111111110010000000000001
0000000000000000000000000000000000000001
0000010111110000000000001110001000000001
0000010111111000000000001111001000000001
0000010111010001000010000010000000000001
0000010111010010000100110010001001000001
0000010111111010000100110010001000000001
0000010111000001000010000011010000000001
0000010111000010000100110010001001000001
0000010111110010000100111000001000000001
0000010111110010000100110010001000000001
0000000000000000000000000000000000000001
0000010111001000000000001110001000000001
0000010111011000000000001111001000000001
0000011000000000000000001111011000000001
0000010111100001000010000010000000000001
1111111111110010000101000010001001000001
0000010111101000000000001110001000000001
0000011000000001000010000010001001001001
0000011000000001000010000010000000000001
0000010111101000000000001110001000100111
0000000000000000000000000000000000000001
0000010111101001000010000010000000000001
0000001010100001000010000010000000000001
0000011000001000000000001110001000000001
0000000000000000000000000000000000000001
0000001000100001000010000010000000000001
1111111101101000000000000000001000000001
0000001000101001000010000010000000000001
1111111101110000000000000000001000000001
1111111111110010001110000010000000000001
0000011000011001000010000010001001000001
0000011000111000000000001110001000000001
0000011000101001000010000010000000000001
0000011000011001000010000011010000000001
0000011000111010001110010010001000000001
0000011000100000000000001110001000000001
0000011000100000000000001100000000000001
0000011000110000000000001111001000000001
0000001001100111111111110010000000000001
0000011000010000000000001110001000000001
1111111111110010001110100010000000000001
0000011001001001000010000010001001000001
0000011001101000000000001110001000000001
0000011001011001000010000010000000000001
0000011001001001000010000011010000000001
0000011001101010001110110010001000000001
0000011001010000000000001110001000000001
0000011001010000000000001100000000000001
0000011001100000000000001111001000000001
0000001001011111111111110010000000000001
0000011001000000000000001110001000000001
0000011000010001000010000010000000000001
1111111100110000000000000000001000000001
0000011001000001000010000010000000000001
1111111100101000000000000000001000000001
0000000000000000000000000000000000000001
0000000000000000000000000000000000000001
0000000000000000000000000000000000000001
0000000000000000000000000000000000000001
0000000000000000000000000000000000000001
0000000000000000000000000000000000000001
0000000000000000000000000000000000000001
0000000000000000000000000000000000000001
0000000000000000000000000000000000000001
0000000000000000000000000000000000000001
0000000000000000000000000000000000000001
0000000000000000000000000000000000000001
0000000000000000000000000000000000000001
0000000000000000000000000000000000000001
0000000000000000000000000000000000000001
0000000000000000000000000000000000000001
0000000000000000000000000000000000000001
0000000000000000000000000000000000000001
0000000000000000000000000000000000000001
0000000000000000000000000000000000000001
0000000000000000000000000000000000000001
0000000000000000000000000000000000000001
0000000000000000000000000000000000000001
0000000000000000000000000000000000000001
0000000000000000000000000000000000000001
0000000000000000000000000000000000000001
0000000000000000000000000000000000000001
0000000000000000000000000000000000000001
0000000000000000000000000000000000000001
0000000000000000000000000000000000000001
0000000000000000000000000000000000000001
0000000000000000000000000000000000000001
0000000000000000000000000000000000000001
0000000000000000000000000000000000000001
0000000000000000000000000000000000000001
0000000000000000000000000000000000000001
0000000000000000000000000000000000000001
0000000000000000000000000000000000000001
0000000000000000000000000000000000000001
0000000000000000000000000000000000000001
0000000000000000000000000000000000000001
0000000000000000000000000000000000000001
0000000000000000000000000000000000000001
0000000000000000000000000000000000000001
0000000000000000000000000000000000000001
0000000000000000000000000000000000000001
0000000000000000000000000000000000000001
0000000000000000000000000000000000000001
0000000000000000000000000000000000000001
0000000000000000000000000000000000000001
0000000000000000000000000000000000000001
0000000000000000000000000000000000000001
0000000000000000000000000000000000000001
0000000000000000000000000000000000000001
0000000000000000000000000000000000000001
0000000000000000000000000000000000000001
0000000000000000000000000000000000000001
0000000000000000000000000000000000000001
0000000000000000000000000000000000000001
0000000000000000000000000000000000000001
0000000000000000000000000000000000000001
0000000000000000000000000000000000000001
0000000000000000000000000000000000000001
0000000000000000000000000000000000000001
0000000000000000000000000000000000000001
0000000000000000000000000000000000000001
0000000000000000000000000000000000000001
0000000000000000000000000000000000000001
0000000000000000000000000000000000000001
0000000000000000000000000000000000000001
0000000000000000000000000000000000000001
0000000000000000000000000000000000000001
0000000000000000000000000000000000000001
0000000000000000000000000000000000000001
0000000000000000000000000000000000000001
0000000000000000000000000000000000000001
0000000000000000000000000000000000000001
0000000000000000000000000000000000000001
0000000000000000000000000000000000000001
0000000000000000000000000000000000000001
0000000000000000000000000000000000000001
0000000000000000000000000000000000000001
0000000000000000000000000000000000000001
0000000000000000000000000000000000000001
0000000000000000000000000000000000000001
0000000000000000000000000000000000000001
0000000000000000000000000000000000000001
0000000000000000000000000000000000000001
0000000000000000000000000000000000000001
0000000000000000000000000000000000000001
0000000000000000000000000000000000000001
0000000000000000000000000000000000000001
0000000000000000000000000000000000000001
0000000000000000000000000000000000000001
0000000000000000000000000000000000000001
0000000000000000000000000000000000000001
0000000000000000000000000000000000000001
0000000000000000000000000000000000000001
0000000000000000000000000000000000000001
0000000000000000000000000000000000000001
0000000000000000000000000000000000000001
0000000000000000000000000000000000000001
0000000000000000000000000000000000000001
0000000000000000000000000000000000000001
0000000000000000000000000000000000000001
0000000000000000000000000000000000000001
0000000000000000000000000000000000000001
0000000000000000000000000000000000000001
0000000000000000000000000000000000000001
0000000000000000000000000000000000000001
0000000000000000000000000000000000000001
0000000000000000000000000000000000000001
0000000000000000000000000000000000000001
0000000000000000000000000000000000000001
0000000000000000000000000000000000000001
0000000000000000000000000000000000000001
0000000000000000000000000000000000000001
0000000000000000000000000000000000000001
0000000000000000000000000000000000000001
0000000000000000000000000000000000000001
0000000000000000000000000000000000000001
0000000000000000000000000000000000000001
0000000000000000000000000000000000000001
0000000000000000000000000000000000000001
0000000000000000000000000000000000000001
0000000000000000000000000000000000000001
0000000000000000000000000000000000000001
0000000000000000000000000000000000000001
0000000000000000000000000000000000000001
0000000000000000000000000000000000000001
0000000000000000000000000000000000000001
0000000000000000000000000000000000000001
0000000000000000000000000000000000000001
0000000000000000000000000000000000000001
0000000000000000000000000000000000000001
0000000000000000000000000000000000000001
0000000000000000000000000000000000000001
0000000000000000000000000000000000000001
0000000000000000000000000000000000000001
0000000000000000000000000000000000000001
0000000000000000000000000000000000000001
0000000000000000000000000000000000000001
0000000000000000000000000000000000000001
0000000000000000000000000000000000000001
0000000000000000000000000000000000000001
0000000000000000000000000000000000000001
0000000000000000000000000000000000000001
0000000000000000000000000000000000000001
0000000000000000000000000000000000000001
0000000000000000000000000000000000000001
0000000000000000000000000000000000000001
0000000000000000000000000000000000000001
0000000000000000000000000000000000000001
0000000000000000000000000000000000000001
0000000000000000000000000000000000000001
0000000000000000000000000000000000000001
0000000000000000000000000000000000000001
0000000000000000000000000000000000000001
0000000000000000000000000000000000000001
0000000000000000000000000000000000000001
0000000000000000000000000000000000000001
0000000000000000000000000000000000000001
0000000000000000000000000000000000000001
0000000000000000000000000000000000000001
0000000000000000000000000000000000000001
0000000000000000000000000000000000000001
0000000000000000000000000000000000000001
0000000000000000000000000000000000000001
0000000000000000000000000000000000000001
0000000000000000000000000000000000000001
0000000000000000000000000000000000000001
0000000000000000000000000000000000000001
0000000000000000000000000000000000000001
0000000000000000000000000000000000000001
0000000000000000000000000000000000000001
0000000000000000000000000000000000000001
0000000000000000000000000000000000000001
0000000000000000000000000000000000000001
0000000000000000000000000000000000000001
0000000000000000000000000000000000000001
0000000000000000000000000000000000000001
0000000000000000000000000000000000000001
0000000000000000000000000000000000000001
0000000000000000000000000000000000000001
0000000000000000000000000000000000000001
0000000000000000000000000000000000000001
0000000000000000000000000000000000000001
0000000000000000000000000000000000000001
0000000000000000000000000000000000000001
0000000000000000000000000000000000000001
0000000000000000000000000000000000000001
0000000000000000000000000000000000000001
0000000000000000000000000000000000000001
0000000000000000000000000000000000000001
0000000000000000000000000000000000000001
0000000000000000000000000000000000000001
0000000000000000000000000000000000000001
0000000000000000000000000000000000000001
0000000000000000000000000000000000000001
0000000000000000000000000000000000000001
0000000000000000000000000000000000000001
0000000000000000000000000000000000000001
0000000000000000000000000000000000000001
0000000000000000000000000000000000000001
0000000000000000000000000000000000000001
0000000000000000000000000000000000000001
0000000000000000000000000000000000000001
0000000000000000000000000000000000000001
0000000000000000000000000000000000000001
0000000000000000000000000000000000000001
0000000000000000000000000000000000000001
0000000000000000000000000000000000000001
0000000000000000000000000000000000000001
0000000000000000000000000000000000000001
0000000000000000000000000000000000000001
0000000000000000000000000000000000000001
0000000000000000000000000000000000000001
0000000000000000000000000000000000000001
0000000000000000000000000000000000000001
0000000000000000000000000000000000000001
0000000000000000000000000000000000000001
0000000000000000000000000000000000000001
0000000000000000000000000000000000000001
0000000000000000000000000000000000000001
0000000000000000000000000000000000000001
0000000000000000000000000000000000000001
0000000000000000000000000000000000000001
0000000000000000000000000000000000000001
0000000000000000000000000000000000000001
0000000000000000000000000000000000000001
0000000000000000000000000000000000000001
0000000000000000000000000000000000000001
0000000000000000000000000000000000000001
0000000000000000000000000000000000000001
0000000000000000000000000000000000000001
0000000000000000000000000000000000000001
0000000000000000000000000000000000000001
0000000000000000000000000000000000000001
0000000000000000000000000000000000000001
0000000000000000000000000000000000000001
0000000000000000000000000000000000000001
0000000000000000000000000000000000000001
0000000000000000000000000000000000000001
0000000000000000000000000000000000000001
0000000000000000000000000000000000000001
0000000000000000000000000000000000000001
0000000000000000000000000000000000000001
0000000000000000000000000000000000000001
0000000000000000000000000000000000000001
0000000000000000000000000000000000000001
0000000000000000000000000000000000000001
0000000000000000000000000000000000000001
0000000000000000000000000000000000000001
0000000000000000000000000000000000000001
0000000000000000000000000000000000000001
0000000000000000000000000000000000000001
0000000000000000000000000000000000000001
0000000000000000000000000000000000000001
0000000000000000000000000000000000000001
0000000000000000000000000000000000000001
0000000000000000000000000000000000000001
0000000000000000000000000000000000000001
0000000000000000000000000000000000000001
0000000000000000000000000000000000000001
0000000000000000000000000000000000000001
0000000000000000000000000000000000000001
0000000000000000000000000000000000000001
0000000000000000000000000000000000000001
0000000000000000000000000000000000000001
0000000000000000000000000000000000000001
0000000000000000000000000000000000000001
0000000000000000000000000000000000000001
0000000000000000000000000000000000000001
0000000000000000000000000000000000000001
0000000000000000000000000000000000000001
0000000000000000000000000000000000000001
0000000000000000000000000000000000000001
0000000000000000000000000000000000000001
0000000000000000000000000000000000000001
0000000000000000000000000000000000000001
0000000000000000000000000000000000000001
0000000000000000000000000000000000000001
0000000000000000000000000000000000000001
0000000000000000000000000000000000000001
0000000000000000000000000000000000000001
0000000000000000000000000000000000000001
0000000000000000000000000000000000000001
0000000000000000000000000000000000000001
0000000000000000000000000000000000000001
0000000000000000000000000000000000000001
0000000000000000000000000000000000000001
0000000000000000000000000000000000000001
0000000000000000000000000000000000000001
0000000000000000000000000000000000000001
0000000000000000000000000000000000000001
0000000000000000000000000000000000000001
0000000000000000000000000000000000000001
0000000000000000000000000000000000000001
0000000000000000000000000000000000000001
0000000000000000000000000000000000000001
0000000000000000000000000000000000000001
0000000000000000000000000000000000000001
0000000000000000000000000000000000000001
0000000000000000000000000000000000000001
0000000000000000000000000000000000000001
0000000000000000000000000000000000000001
0000000000000000000000000000000000000001
0000000000000000000000000000000000000001
0000000000000000000000000000000000000001
0000000000000000000000000000000000000001
0000000000000000000000000000000000000001
0000000000000000000000000000000000000001
0000000000000000000000000000000000000001
0000000000000000000000000000000000000001
0000000000000000000000000000000000000001
0000000000000000000000000000000000000001
0000000000000000000000000000000000000001
0000000000000000000000000000000000000001
0000000000000000000000000000000000000001
0000000000000000000000000000000000000001
0000000000000000000000000000000000000001
0000000000000000000000000000000000000001
0000000000000000000000000000000000000001
0000000000000000000000000000000000000001
0000000000000000000000000000000000000001
0000000000000000000000000000000000000001
0000000000000000000000000000000000000001
0000000000000000000000000000000000000001
0000000000000000000000000000000000000001
0000000000000000000000000000000000000001
0000000000000000000000000000000000000001
0000000000000000000000000000000000000001
0000000000000000000000000000000000000001
0000000000000000000000000000000000000001
0000000000000000000000000000000000000001
0000000000000000000000000000000000000001
0000000000000000000000000000000000000001
0000000000000000000000000000000000000001
0000000000000000000000000000000000000001
0000000000000000000000000000000000000001
0000000000000000000000000000000000000001
0000000000000000000000000000000000000001
0000000000000000000000000000000000000001
0000000000000000000000000000000000000001
0000000000000000000000000000000000000001
0000000000000000000000000000000000000001
0000000000000000000000000000000000000001
0000000000000000000000000000000000000001
0000000000000000000000000000000000000001
0000000000000000000000000000000000000001
0000000000000000000000000000000000000001
0000000000000000000000000000000000000001
0000000000000000000000000000000000000001
0000000000000000000000000000000000000001
0000000000000000000000000000000000000001
0000000000000000000000000000000000000001
0000000000000000000000000000000000000001
0000000000000000000000000000000000000001
0000000000000000000000000000000000000001
0000000000000000000000000000000000000001
0000000000000000000000000000000000000001
0000000000000000000000000000000000000001
0000000000000000000000000000000000000001
0000000000000000000000000000000000000001
0000000000000000000000000000000000000001
0000000000000000000000000000000000000001
0000000000000000000000000000000000000001
0000000000000000000000000000000000000001
0000000000000000000000000000000000000001
0000000000000000000000000000000000000001
0000000000000000000000000000000000000001
0000000000000000000000000000000000000001
0000000000000000000000000000000000000001
0000000000000000000000000000000000000001
0000000000000000000000000000000000000001
0000000000000000000000000000000000000001
0000000000000000000000000000000000000001
0000000000000000000000000000000000000001
0000000000000000000000000000000000000001
0000000000000000000000000000000000000001
0000000000000000000000000000000000000001
0000000000000000000000000000000000000001
0000000000000000000000000000000000000001
0000000000000000000000000000000000000001
0000000000000000000000000000000000000001
0000000000000000000000000000000000000001
0000000000000000000000000000000000000001
0000000000000000000000000000000000000001
0000000000000000000000000000000000000001
0000000000000000000000000000000000000001
0000000000000000000000000000000000000001
0000000000000000000000000000000000000001
0000000000000000000000000000000000000001
0000000000000000000000000000000000000001
0000000000000000000000000000000000000001
0000000000000000000000000000000000000001
0000000000000000000000000000000000000001
0000000000000000000000000000000000000001
0000000000000000000000000000000000000001
0000000000000000000000000000000000000001
0000000000000000000000000000000000000001
0000000000000000000000000000000000000001
0000000000000000000000000000000000000001
0000000000000000000000000000000000000001
0000000000000000000000000000000000000001
0000000000000000000000000000000000000001
0000000000000000000000000000000000000001
0000000000000000000000000000000000000001
0000000000000000000000000000000000000001
0000000000000000000000000000000000000001
0000000000000000000000000000000000000001
0000000000000000000000000000000000000001
0000000000000000000000000000000000000001
0000000000000000000000000000000000000001
0000000000000000000000000000000000000001
0000000000000000000000000000000000000001
0000000000000000000000000000000000000001
0000000000000000000000000000000000000001
0000000000000000000000000000000000000001
0000000000000000000000000000000000000001
0000000000000000000000000000000000000001
0000000000000000000000000000000000000001
0000000000000000000000000000000000000001
0000000000000000000000000000000000000001
0000000000000000000000000000000000000001
0000000000000000000000000000000000000001
0000000000000000000000000000000000000001
0000000000000000000000000000000000000001
0000000000000000000000000000000000000001
0000000000000000000000000000000000000001
0000000000000000000000000000000000000001
0000000000000000000000000000000000000001
0000000000000000000000000000000000000001
0000000000000000000000000000000000000001
0000000000000000000000000000000000000001
0000000000000000000000000000000000000001
0000000000000000000000000000000000000001
0000000000000000000000000000000000000001
0000000000000000000000000000000000000001
0000000000000000000000000000000000000001
0000000000000000000000000000000000000001
0000000000000000000000000000000000000001
0000000000000000000000000000000000000001
0000000000000000000000000000000000000001
0000000000000000000000000000000000000001
0000000000000000000000000000000000000001
0000000000000000000000000000000000000001
0000000000000000000000000000000000000001
0000000000000000000000000000000000000001
0000000000000000000000000000000000000001
0000000000000000000000000000000000000001
0000000000000000000000000000000000000001
0000000000000000000000000000000000000001
0000000000000000000000000000000000000001
0000000000000000000000000000000000000001
0000000000000000000000000000000000000001
0000000000000000000000000000000000000001
0000000000000000000000000000000000000001
0000000000000000000000000000000000000001
0000000000000000000000000000000000000001
0000000000000000000000000000000000000001
0000000000000000000000000000000000000001
0000000000000000000000000000000000000001
0000000000000000000000000000000000000001
0000000000000000000000000000000000000001
0000000000000000000000000000000000000001
0000000000000000000000000000000000000001
0000000000000000000000000000000000000001
0000000000000000000000000000000000000001
0000000000000000000000000000000000000001
0000000000000000000000000000000000000001
0000000000000000000000000000000000000001
0000000000000000000000000000000000000001
0000000000000000000000000000000000000001
0000000000000000000000000000000000000001
0000000000000000000000000000000000000001
0000000000000000000000000000000000000001
0000000000000000000000000000000000000001
0000000000000000000000000000000000000001
0000000000000000000000000000000000000001
0000000000000000000000000000000000000001
0000000000000000000000000000000000000001
0000000000000000000000000000000000000001
0000000000000000000000000000000000000001
0000000000000000000000000000000000000001
0000000000000000000000000000000000000001
0000000000000000000000000000000000000001
0000000000000000000000000000000000000001
0000000000000000000000000000000000000001
0000000000000000000000000000000000000001
0000000000000000000000000000000000000001
0000000000000000000000000000000000000001
0000000000000000000000000000000000000001
0000000000000000000000000000000000000001
0000000000000000000000000000000000000001
0000000000000000000000000000000000000001
0000000000000000000000000000000000000001
0000000000000000000000000000000000000001
0000000000000000000000000000000000000001
0000000000000000000000000000000000000001
0000000000000000000000000000000000000001
0000000000000000000000000000000000000001
0000000000000000000000000000000000000001
0000000000000000000000000000000000000001
0000000000000000000000000000000000000001
0000000000000000000000000000000000000001
0000000000000000000000000000000000000001
0000000000000000000000000000000000000001
0000000000000000000000000000000000000001
0000000000000000000000000000000000000001
0000000000000000000000000000000000000001
0000000000000000000000000000000000000001
0000000000000000000000000000000000000001
0000000000000000000000000000000000000001
