0000000000000000000000000000000000000001
0000000000000000000000001110100000000001
0000000000000000000000000000000000000001
0000000000001000000000001110100000000001
0000000000000000000000000000000000000001
0000000000010000000000001110100000000001
0000000000000000000000000000000000000001
0000000000011000000000001110100000000001
1111111111110110000010110010000000000001
0000000000100000000000001110001000000001
1111111111110010000000000010000000000001
0000000000101000000000001110001000000001
0000000001001001000111110010000000000001
0000000000111001000010000010001000000001
0000000000000010000000101010000000000001
1111111111100001000110000010001000000001
0000000000000010000000011010000000000001
0000000001000000000000001110101000000001
0000000001010000000000001111001000000001
0000000001000000000000001100000000000001
0000000000000000000000000000000000000001
1111111111110000000000010010000100000001
0000000000000000000000001010000100000001
1111111111100001000010000010001001000001
0000000001011000000000001110001000000001
0000000001010000000000001100000000000001
0000000001011111111111110010000000000001
1111111111100001000010000010001000000001
0000000001100000000000001110001000000001
0000000001100010000000110010000000000001
0000000000110000000000001110001000000001
1111111111110010000001000010000000000001
0000000001111001000010000010001001000001
0000000010011000000000001110001000000001
0000000010001001000010000010000000000001
0000000001111001000010000011010000000001
0000000010011010000001010010001000000001
0000000010000000000000001110001000000001
0000000010000000000000001100000000000001
0000000010010000000000001111001000000001
0000000000000000000000000000000000000001
0000000000010111111111110010000000000001
0000000001110000000000001110001000000001
0000000000000000000000000000000000000001
0000000000000000000000000000000000000001
0000000000100001000010000010000000000001
0000000010100000000000001110001000000001
1111111111110010000001100010000000000001
0000000010110001000010000010001001000001
0000000011010000000000001110001000000001
0000000011000001000010000010000000000001
0000000010110001000010000011010000000001
0000000011010010000001110010001000000001
0000000010111000000000001110001000000001
0000000010111000000000001100000000000001
0000000011001000000000001111001000000001
0000000000000000000000000000000000000001
0000000000001111111111110010000000000001
0000000010101000000000001110001000000001
0000000000000000000000000000000000000001
1111111111110010000010000010000000000001
0000000011100001000010000010001001000001
0000000100000000000000001110001000000001
0000000011110001000010000010000000000001
0000000011100001000010000011010000000001
0000000100000010000010010010001000000001
0000000011101000000000001110001000000001
0000000011101000000000001100000000000001
0000000011111000000000001111001000000001
0000000000000000000000000000000000000001
0000000000000111111111110010000000000001
0000000011011000000000001110001000000001
0000000000000000000000000000000000000001
1111111111110010000010100010000000000001
0000000100010001000010000010001001000001
0000000100110000000000001110001000000001
0000000100100001000010000010000000000001
0000000100010001000010000011010000000001
0000000100110010000010110010001000000001
0000000100011000000000001110001000000001
0000000100011000000000001100000000000001
0000000100101000000000001111001000000001
0000000000000000000000000000000000000001
0000000000011111111111110010000000000001
0000000100001000000000001110001000000001
0000000000000000000000000000000000000001
1111111111110010000011000010000000000001
0000000101000001000010000010001001000001
0000000101100000000000001110001000000001
0000000101010001000010000010000000000001
0000000101000001000010000011010000000001
0000000101100010000011010010001000000001
0000000101001000000000001110001000000001
0000000101001000000000001100000000000001
0000000101011000000000001111001000000001
0000000000000000000000000000000000000001
0000000000110111111111110010000000000001
0000000100111000000000001110001000000001
0000000000000000000000000000000000000001
1111111111110010000011100010000000000001
0000000101110001000010000010001001000001
0000000110010000000000001110001000000001
0000000110000001000010000010000000000001
0000000101110001000010000011010000000001
0000000110010010000011110010001000000001
0000000101111000000000001110001000000001
0000000101111000000000001100000000000001
0000000110001000000000001111001000000001
0000000000000000000000000000000000000001
0000000000110111111111110010000000000001
0000000101101000000000001110001000000001
0000000000000000000000000000000000000001
0000000011011001000010000010000000000001
0000000110110000000000001110001000000001
0000000010101001000010000010000000000001
0000000110111000000000001110001000000001
0000000001110001000010000010000000000001
0000000111000000000000001110001000000001
0000000100001001000010000010000000000001
0000000111001000000000001110001000000001
0000000100111001000010000010000000000001
0000000111010000000000001110001000000001
0000000101101001000010000010000000000001
0000000111011000000000001110001000000001
0000000000101001000001110010000000000001
0000000110101000000000001110001000000001
0000000110101000000000001100000000000001
0000000000000111111111111010000000000001
0000000000000000000000000000000000000001
0000000110110001000010000010000010000001
0000000110011000000000001110001000000001
0000000110111001000010000010000010000001
0000000110100000000000001110001000000001
1111111111110010000100000010000000000001
0000000111100001000010000010001001000001
0000001000000000000000001110001000000001
0000000111110001000010000010000000000001
0000000111100001000010000011010000000001
0000001000000010000100010010001000000001
0000000111101000000000001110001000000001
0000000111101000000000001100000000000001
0000000111111000000000001111001000000001
0000000110011111111111110010000000000001
0000001000011000000000001110001000000001
0000000110100111111111110010000000000001
0000001010010000000000001110001000000001
0000001000011010000100100010000000000001
0000001010010010000100100010001000000001
0000000000000000000000000000000000000001
0000001100001000000000001110001000000001
0000001001000010000101100010000000000001
0000001000111010000101110010001000000001
0000001000101010000101100011010000000001
0000001000100010000101110010001000000001
0000001000011010000100110010001000000001
0000001000010010000101000010001000000001
0000001000001010000101010010001000000001
0000000000000000000000000000000000000001
0000001000110000000000001110001000000001
0000001001001000000000001111001000000001
0000001001110010000110110010000000000001
0000001001101010000111000010001000000001
0000001001011010000110110011010000000001
0000001001010010000111000010001000000001
0000001000110010000110000010001000000001
0000001000101010000110010010001000000001
0000001000100010000110100010001000000001
0000000000000000000000000000000000000001
0000001001100000000000001110001000000001
0000001001111000000000001111001000000001
0000001010111010000101100010000000000001
0000001010110010000101110010001000000001
0000001010100010000101100011010000000001
0000001010011010000101110010001000000001
0000001010010010000100110010001000000001
0000001010001010000101000010001000000001
0000001010000010000101010010001000000001
0000000000000000000000000000000000000001
0000001010101000000000001110001000000001
0000001011000000000000001111001000000001
0000001011101010000110110010000000000001
0000001011100010000111000010001000000001
0000001011010010000110110011010000000001
0000001011001010000111000010001000000001
0000001010101010000110000010001000000001
0000001010100010000110010010001000000001
0000001010011010000110100010001000000001
0000000000000000000000000000000000000001
0000001011011000000000001110001000000001
0000001011110000000000001111001000000001
0000001100110010001000000010000000000001
0000001100101010001000010010001000000001
0000001100011010001000000011010000000001
0000001100010010001000010010001000000001
0000001100001010000111010010001000000001
0000001100000010000111100010001000000001
0000001011111010000111110010001000000001
0000000000000000000000000000000000000001
0000001100100000000000001110001000000001
0000001100111000000000001111001000000001
0000001101100010001001010010000000000001
0000001101011010001001100010001000000001
0000001101001010001001010011010000000001
0000001101000010001001100010001000000001
0000001100100010001000100010001000000001
0000001100011010001000110010001000000001
0000001100010010001001000010001000000001
0000000000000000000000000000000000000001
0000001101010000000000001110001000000001
0000001101101000000000001111001000000001
0000001000011010001001110010000000000001
0000001001100010001010000010001000000001
0000001101110000000000001110001000000001
0000001010010010001001110010000000000001
0000001011011010001010000010001000000001
0000001101111000000000001110001000000001
0000001100001010001001110010000000000001
0000001101010010001010000010001000000001
0000001110000000000000001110001000000001
0000001100001010001001110010000000000001
0000001101010010001010000010001000000001
0000001110001000000000001110001000000001
1111111111110010001010010010000000000001
0000001110110001000010000010001001000001
0000001111010000000000001110001000000001
0000001111000001000010000010000000000001
0000001110110001000010000011010000000001
0000001111010010001010100010001000000001
0000001110111000000000001110001000000001
0000001110111000000000001100000000000001
0000001111001000000000001111001000000001
0000000000000000000000000000000000000001
0000001101110111111111110010000000000001
0000001110010000000000001110001000000001
0000001101111111111111110010000000000001
0000001110011000000000001110001000000001
0000001110000111111111110010000000000001
0000001110100000000000001110001000000001
0000001110001111111111110010000000000001
0000001110101000000000001110001000000001
0000000000000000000000000000000000000001
1111111111110010001010110010000000000001
0000001111111001000010000010001001000001
0000010000011000000000001110001000000001
0000010000001001000010000010000000000001
0000001111111001000010000011010000000001
0000010000011010001011000010001000000001
0000010000000000000000001110001000000001
0000010000000000000000001100000000000001
0000010000010000000000001111001000000001
0000000000000000000000000000000000000001
0000001101110111111111110010000000000001
0000001111011000000000001110001000000001
0000001101111111111111110010000000000001
0000001111100000000000001110001000000001
0000001110000111111111110010000000000001
0000001111101000000000001110001000000001
0000001110001111111111110010000000000001
0000001111110000000000001110001000000001
0000000000000000000000000000000000000001
0000001101110010001011010010000000000001
0000001101111010001011010010001000000001
0000000000000000000000000000000000000001
0000010000100000000000001110001000000001
0000001110010001000010000010000000000001
1111111101101000000000000000001000000001
0000001110011001000010000010000000000001
1111111101110000000000000000001000000001
0000001110100001000010000010000000000001
1111111101111000000000000000001000000001
0000001110101001000010000010000000000001
1111111110000000000000000000001000000001
0000001111011001000010000010000000000001
1111111100101000000000000000001000000001
0000001111100001000010000010000000000001
1111111100110000000000000000001000000001
0000001111101001000010000010000000000001
1111111100111000000000000000001000000001
0000001111110001000010000010000000000001
1111111101000000000000000000001000000001
0000010000100010001011100010000000000001
0000010000111000000000001110001000000001
0000000000000000000000000000000000000001
0000010001001010001101000010000000000001
0000010001000010001101010010001000000001
0000010000111010001100010010001000000001
0000010000110010001100100010001000000001
0000010000101010001100110010001000000001
0000010001010000000000001110001000000001
0000010001100010001101000010000000000001
0000010001011010001101010010001000000001
0000010001010010001100010010001000000001
0000010001001010001100100010001000000001
0000010001000010001100110010001000000001
0000010001101000000000001110001000000001
0000010001111010001101000010000000000001
0000010001110010001101010010001000000001
0000010001101010001100010010001000000001
0000010001100010001100100010001000000001
0000010001011010001100110010001000000001
0000010010000000000000001110001000000001
0000010010000000000000001100000000000001
0000010010000111111111110010000000000001
0000000000000000000000000000000000000001
0000011110001000000000001110001000000001
0000011110010000000000001111001000000001
0000010010011001000010000010000000000001
0000010010011010001011110010001001000001
0000011110010010001011110010001000000001
0000010010001001000010000011010000000001
0000010010001010001011110010001001000001
0000011110001010001011111000001000000001
0000011110001010001011110010001000000001
0000000000000000000000000000000000000001
0000010010010000000000001110001000000001
0000010010100000000000001111001000000001
0000011110011000000000001111011000000001
0000010010101001000010000010000000000001
1111111111110010001100000010001001000001
0000010010110000000000001110001000000001
0000011110011001000010000010001001001001
0000011110011001000010000010000000000001
0000010010110000000000001110001000100111
0000000000000000000000000000000000000001
0000010010110001000010000010000000000001
0000010011000010001110010010000000000001
0000010010111010001110100010001000000001
0000010000111010001101100010001000000001
0000010000110010001101110010001000000001
0000010000101010001110000010001000000001
0000010011001000000000001110001000000001
0000010011011010001110010010000000000001
0000010011010010001110100010001000000001
0000010011001010001101100010001000000001
0000010011000010001101110010001000000001
0000010010111010001110000010001000000001
0000010011100000000000001110001000000001
0000010011110010001110010010000000000001
0000010011101010001110100010001000000001
0000010011100010001101100010001000000001
0000010011011010001101110010001000000001
0000010011010010001110000010001000000001
0000010011111000000000001110001000000001
0000010011111000000000001100000000000001
0000010011111111111111110010000000000001
0000000000000000000000000000000000000001
0000011110001000000000001110001000000001
0000011110010000000000001111001000000001
0000010100010001000010000010000000000001
0000010100010010001011110010001001000001
0000011110010010001011110010001000000001
0000010100000001000010000011010000000001
0000010100000010001011110010001001000001
0000011110001010001011111000001000000001
0000011110001010001011110010001000000001
0000000000000000000000000000000000000001
0000010100001000000000001110001000000001
0000010100011000000000001111001000000001
0000011110011000000000001111011000000001
0000010100100001000010000010000000000001
1111111111110010001100000010001001000001
0000010100101000000000001110001000000001
0000011110011001000010000010001001001001
0000011110011001000010000010000000000001
0000010100101000000000001110001000100111
0000000000000000000000000000000000000001
0000010100101001000010000010000000000001
0000010100111010001111100010000000000001
0000010100110010001111110010001000000001
0000010000111010001110110010001000000001
0000010000110010001111000010001000000001
0000010000101010001111010010001000000001
0000010101000000000000001110001000000001
0000010101010010001111100010000000000001
0000010101001010001111110010001000000001
0000010101000010001110110010001000000001
0000010100111010001111000010001000000001
0000010100110010001111010010001000000001
0000010101011000000000001110001000000001
0000010101101010001111100010000000000001
0000010101100010001111110010001000000001
0000010101011010001110110010001000000001
0000010101010010001111000010001000000001
0000010101001010001111010010001000000001
0000010101110000000000001110001000000001
0000010101110000000000001100000000000001
0000010101110111111111110010000000000001
0000000000000000000000000000000000000001
0000011110001000000000001110001000000001
0000011110010000000000001111001000000001
0000010110001001000010000010000000000001
0000010110001010001011110010001001000001
0000011110010010001011110010001000000001
0000010101111001000010000011010000000001
0000010101111010001011110010001001000001
0000011110001010001011111000001000000001
0000011110001010001011110010001000000001
0000000000000000000000000000000000000001
0000010110000000000000001110001000000001
0000010110010000000000001111001000000001
0000011110011000000000001111011000000001
0000010110011001000010000010000000000001
1111111111110010001100000010001001000001
0000010110100000000000001110001000000001
0000011110011001000010000010001001001001
0000011110011001000010000010000000000001
0000010110100000000000001110001000100111
0000000000000000000000000000000000000001
0000010110100001000010000010000000000001
0000010110110010010000110010000000000001
0000010110101010010001000010001000000001
0000010000111010010000000010001000000001
0000010000110010010000010010001000000001
0000010000101010010000100010001000000001
0000010110111000000000001110001000000001
0000010111001010010000110010000000000001
0000010111000010010001000010001000000001
0000010110111010010000000010001000000001
0000010110110010010000010010001000000001
0000010110101010010000100010001000000001
0000010111010000000000001110001000000001
0000010111100010010000110010000000000001
0000010111011010010001000010001000000001
0000010111010010010000000010001000000001
0000010111001010010000010010001000000001
0000010111000010010000100010001000000001
0000010111101000000000001110001000000001
0000010111101000000000001100000000000001
0000010111101111111111110010000000000001
0000000000000000000000000000000000000001
0000011110001000000000001110001000000001
0000011110010000000000001111001000000001
0000011000000001000010000010000000000001
0000011000000010001011110010001001000001
0000011110010010001011110010001000000001
0000010111110001000010000011010000000001
0000010111110010001011110010001001000001
0000011110001010001011111000001000000001
0000011110001010001011110010001000000001
0000000000000000000000000000000000000001
0000010111111000000000001110001000000001
0000011000001000000000001111001000000001
0000011110011000000000001111011000000001
0000011000010001000010000010000000000001
1111111111110010001100000010001001000001
0000011000011000000000001110001000000001
0000011110011001000010000010001001001001
0000011110011001000010000010000000000001
0000011000011000000000001110001000100111
0000000000000000000000000000000000000001
0000011000011001000010000010000000000001
0000011000101010010010000010000000000001
0000011000100010010010010010001000000001
0000010000111010010001010010001000000001
0000010000110010010001100010001000000001
0000010000101010010001110010001000000001
0000011000110000000000001110001000000001
0000011001000010010010000010000000000001
0000011000111010010010010010001000000001
0000011000110010010001010010001000000001
0000011000101010010001100010001000000001
0000011000100010010001110010001000000001
0000011001001000000000001110001000000001
0000011001011010010010000010000000000001
0000011001010010010010010010001000000001
0000011001001010010001010010001000000001
0000011001000010010001100010001000000001
0000011000111010010001110010001000000001
0000011001100000000000001110001000000001
0000011001100000000000001100000000000001
0000011001100111111111110010000000000001
0000000000000000000000000000000000000001
0000011110001000000000001110001000000001
0000011110010000000000001111001000000001
0000011001111001000010000010000000000001
0000011001111010001011110010001001000001
0000011110010010001011110010001000000001
0000011001101001000010000011010000000001
0000011001101010001011110010001001000001
0000011110001010001011111000001000000001
0000011110001010001011110010001000000001
0000000000000000000000000000000000000001
0000011001110000000000001110001000000001
0000011010000000000000001111001000000001
0000011110011000000000001111011000000001
0000011010001001000010000010000000000001
1111111111110010001100000010001001000001
0000011010010000000000001110001000000001
0000011110011001000010000010001001001001
0000011110011001000010000010000000000001
0000011010010000000000001110001000100111
0000000000000000000000000000000000000001
0000011010010001000010000010000000000001
0000011010100010010011010010000000000001
0000011010011010010011100010001000000001
0000010000111010010010100010001000000001
0000010000110010010010110010001000000001
0000010000101010010011000010001000000001
0000011010101000000000001110001000000001
0000011010111010010011010010000000000001
0000011010110010010011100010001000000001
0000011010101010010010100010001000000001
0000011010100010010010110010001000000001
0000011010011010010011000010001000000001
0000011011000000000000001110001000000001
0000011011010010010011010010000000000001
0000011011001010010011100010001000000001
0000011011000010010010100010001000000001
0000011010111010010010110010001000000001
0000011010110010010011000010001000000001
0000011011011000000000001110001000000001
0000011011011000000000001100000000000001
0000011011011111111111110010000000000001
0000000000000000000000000000000000000001
0000011110001000000000001110001000000001
0000011110010000000000001111001000000001
0000011011110001000010000010000000000001
0000011011110010001011110010001001000001
0000011110010010001011110010001000000001
0000011011100001000010000011010000000001
0000011011100010001011110010001001000001
0000011110001010001011111000001000000001
0000011110001010001011110010001000000001
0000000000000000000000000000000000000001
0000011011101000000000001110001000000001
0000011011111000000000001111001000000001
0000011110011000000000001111011000000001
0000011100000001000010000010000000000001
1111111111110010001100000010001001000001
0000011100001000000000001110001000000001
0000011110011001000010000010001001001001
0000011110011001000010000010000000000001
0000011100001000000000001110001000100111
0000000000000000000000000000000000000001
0000011100001001000010000010000000000001
0000011100011010010100100010000000000001
0000011100010010010100110010001000000001
0000010000111010010011110010001000000001
0000010000110010010100000010001000000001
0000010000101010010100010010001000000001
0000011100100000000000001110001000000001
0000011100110010010100100010000000000001
0000011100101010010100110010001000000001
0000011100100010010011110010001000000001
0000011100011010010100000010001000000001
0000011100010010010100010010001000000001
0000011100111000000000001110001000000001
0000011101001010010100100010000000000001
0000011101000010010100110010001000000001
0000011100111010010011110010001000000001
0000011100110010010100000010001000000001
0000011100101010010100010010001000000001
0000011101010000000000001110001000000001
0000011101010000000000001100000000000001
0000011101010111111111110010000000000001
0000000000000000000000000000000000000001
0000011110001000000000001110001000000001
0000011110010000000000001111001000000001
0000011101101001000010000010000000000001
0000011101101010001011110010001001000001
0000011110010010001011110010001000000001
0000011101011001000010000011010000000001
0000011101011010001011110010001001000001
0000011110001010001011111000001000000001
0000011110001010001011110010001000000001
0000000000000000000000000000000000000001
0000011101100000000000001110001000000001
0000011101110000000000001111001000000001
0000011110011000000000001111011000000001
0000011101111001000010000010000000000001
1111111111110010001100000010001001000001
0000011110000000000000001110001000000001
0000011110011001000010000010001001001001
0000011110011001000010000010000000000001
0000011110000000000000001110001000100111
0000000000000000000000000000000000000001
0000011110000001000010000010000000000001
0000010000111001000010000010000000000001
0000011110100000000000001110001000000001
0000000000000000000000000000000000000001
0000000000000000000000000000000000000001
0000000000000000000000000000000000000001
0000000000000000000000000000000000000001
0000000000000000000000000000000000000001
0000000000000000000000000000000000000001
0000000000000000000000000000000000000001
0000000000000000000000000000000000000001
0000000000000000000000000000000000000001
0000000000000000000000000000000000000001
0000000000000000000000000000000000000001
0000000000000000000000000000000000000001
0000000000000000000000000000000000000001
0000000000000000000000000000000000000001
0000000000000000000000000000000000000001
0000000000000000000000000000000000000001
0000000000000000000000000000000000000001
0000000000000000000000000000000000000001
0000000000000000000000000000000000000001
0000000000000000000000000000000000000001
0000000000000000000000000000000000000001
0000000000000000000000000000000000000001
0000000000000000000000000000000000000001
0000000000000000000000000000000000000001
0000000000000000000000000000000000000001
0000000000000000000000000000000000000001
0000000000000000000000000000000000000001
0000000000000000000000000000000000000001
0000000000000000000000000000000000000001
0000000000000000000000000000000000000001
0000000000000000000000000000000000000001
0000000000000000000000000000000000000001
0000000000000000000000000000000000000001
0000000000000000000000000000000000000001
0000000000000000000000000000000000000001
0000000000000000000000000000000000000001
0000000000000000000000000000000000000001
0000000000000000000000000000000000000001
0000000000000000000000000000000000000001
0000000000000000000000000000000000000001
0000000000000000000000000000000000000001
0000000000000000000000000000000000000001
0000000000000000000000000000000000000001
0000000000000000000000000000000000000001
0000000000000000000000000000000000000001
0000000000000000000000000000000000000001
0000000000000000000000000000000000000001
0000000000000000000000000000000000000001
0000000000000000000000000000000000000001
0000000000000000000000000000000000000001
0000000000000000000000000000000000000001
0000000000000000000000000000000000000001
0000000000000000000000000000000000000001
0000000000000000000000000000000000000001
0000000000000000000000000000000000000001
0000000000000000000000000000000000000001
0000000000000000000000000000000000000001
0000000000000000000000000000000000000001
0000000000000000000000000000000000000001
0000000000000000000000000000000000000001
0000000000000000000000000000000000000001
0000000000000000000000000000000000000001
0000000000000000000000000000000000000001
0000000000000000000000000000000000000001
0000000000000000000000000000000000000001
0000000000000000000000000000000000000001
0000000000000000000000000000000000000001
0000000000000000000000000000000000000001
0000000000000000000000000000000000000001
0000000000000000000000000000000000000001
0000000000000000000000000000000000000001
0000000000000000000000000000000000000001
0000000000000000000000000000000000000001
0000000000000000000000000000000000000001
0000000000000000000000000000000000000001
0000000000000000000000000000000000000001
0000000000000000000000000000000000000001
0000000000000000000000000000000000000001
0000000000000000000000000000000000000001
0000000000000000000000000000000000000001
0000000000000000000000000000000000000001
0000000000000000000000000000000000000001
0000000000000000000000000000000000000001
0000000000000000000000000000000000000001
0000000000000000000000000000000000000001
0000000000000000000000000000000000000001
0000000000000000000000000000000000000001
0000000000000000000000000000000000000001
0000000000000000000000000000000000000001
0000000000000000000000000000000000000001
0000000000000000000000000000000000000001
0000000000000000000000000000000000000001
0000000000000000000000000000000000000001
0000000000000000000000000000000000000001
0000000000000000000000000000000000000001
0000000000000000000000000000000000000001
0000000000000000000000000000000000000001
0000000000000000000000000000000000000001
0000000000000000000000000000000000000001
0000000000000000000000000000000000000001
0000000000000000000000000000000000000001
0000000000000000000000000000000000000001
0000000000000000000000000000000000000001
0000000000000000000000000000000000000001
0000000000000000000000000000000000000001
0000000000000000000000000000000000000001
0000000000000000000000000000000000000001
0000000000000000000000000000000000000001
0000000000000000000000000000000000000001
0000000000000000000000000000000000000001
0000000000000000000000000000000000000001
0000000000000000000000000000000000000001
0000000000000000000000000000000000000001
0000000000000000000000000000000000000001
0000000000000000000000000000000000000001
0000000000000000000000000000000000000001
0000000000000000000000000000000000000001
0000000000000000000000000000000000000001
0000000000000000000000000000000000000001
0000000000000000000000000000000000000001
0000000000000000000000000000000000000001
0000000000000000000000000000000000000001
0000000000000000000000000000000000000001
0000000000000000000000000000000000000001
0000000000000000000000000000000000000001
0000000000000000000000000000000000000001
0000000000000000000000000000000000000001
0000000000000000000000000000000000000001
0000000000000000000000000000000000000001
0000000000000000000000000000000000000001
0000000000000000000000000000000000000001
0000000000000000000000000000000000000001
0000000000000000000000000000000000000001
0000000000000000000000000000000000000001
0000000000000000000000000000000000000001
0000000000000000000000000000000000000001
0000000000000000000000000000000000000001
0000000000000000000000000000000000000001
0000000000000000000000000000000000000001
0000000000000000000000000000000000000001
0000000000000000000000000000000000000001
0000000000000000000000000000000000000001
0000000000000000000000000000000000000001
0000000000000000000000000000000000000001
0000000000000000000000000000000000000001
0000000000000000000000000000000000000001
0000000000000000000000000000000000000001
0000000000000000000000000000000000000001
0000000000000000000000000000000000000001
0000000000000000000000000000000000000001
0000000000000000000000000000000000000001
0000000000000000000000000000000000000001
0000000000000000000000000000000000000001
0000000000000000000000000000000000000001
0000000000000000000000000000000000000001
0000000000000000000000000000000000000001
0000000000000000000000000000000000000001
0000000000000000000000000000000000000001
0000000000000000000000000000000000000001
0000000000000000000000000000000000000001
0000000000000000000000000000000000000001
0000000000000000000000000000000000000001
0000000000000000000000000000000000000001
0000000000000000000000000000000000000001
0000000000000000000000000000000000000001
0000000000000000000000000000000000000001
0000000000000000000000000000000000000001
0000000000000000000000000000000000000001
0000000000000000000000000000000000000001
0000000000000000000000000000000000000001
0000000000000000000000000000000000000001
0000000000000000000000000000000000000001
0000000000000000000000000000000000000001
0000000000000000000000000000000000000001
0000000000000000000000000000000000000001
0000000000000000000000000000000000000001
0000000000000000000000000000000000000001
0000000000000000000000000000000000000001
0000000000000000000000000000000000000001
0000000000000000000000000000000000000001
0000000000000000000000000000000000000001
0000000000000000000000000000000000000001
0000000000000000000000000000000000000001
0000000000000000000000000000000000000001
0000000000000000000000000000000000000001
0000000000000000000000000000000000000001
0000000000000000000000000000000000000001
0000000000000000000000000000000000000001
0000000000000000000000000000000000000001
0000000000000000000000000000000000000001
0000000000000000000000000000000000000001
0000000000000000000000000000000000000001
0000000000000000000000000000000000000001
0000000000000000000000000000000000000001
0000000000000000000000000000000000000001
0000000000000000000000000000000000000001
0000000000000000000000000000000000000001
0000000000000000000000000000000000000001
0000000000000000000000000000000000000001
0000000000000000000000000000000000000001
0000000000000000000000000000000000000001
0000000000000000000000000000000000000001
0000000000000000000000000000000000000001
0000000000000000000000000000000000000001
0000000000000000000000000000000000000001
0000000000000000000000000000000000000001
0000000000000000000000000000000000000001
0000000000000000000000000000000000000001
0000000000000000000000000000000000000001
0000000000000000000000000000000000000001
0000000000000000000000000000000000000001
0000000000000000000000000000000000000001
0000000000000000000000000000000000000001
0000000000000000000000000000000000000001
0000000000000000000000000000000000000001
0000000000000000000000000000000000000001
0000000000000000000000000000000000000001
0000000000000000000000000000000000000001
0000000000000000000000000000000000000001
0000000000000000000000000000000000000001
0000000000000000000000000000000000000001
0000000000000000000000000000000000000001
0000000000000000000000000000000000000001
0000000000000000000000000000000000000001
0000000000000000000000000000000000000001
0000000000000000000000000000000000000001
0000000000000000000000000000000000000001
0000000000000000000000000000000000000001
0000000000000000000000000000000000000001
0000000000000000000000000000000000000001
0000000000000000000000000000000000000001
0000000000000000000000000000000000000001
0000000000000000000000000000000000000001
0000000000000000000000000000000000000001
0000000000000000000000000000000000000001
0000000000000000000000000000000000000001
0000000000000000000000000000000000000001
0000000000000000000000000000000000000001
0000000000000000000000000000000000000001
0000000000000000000000000000000000000001
0000000000000000000000000000000000000001
0000000000000000000000000000000000000001
0000000000000000000000000000000000000001
0000000000000000000000000000000000000001
0000000000000000000000000000000000000001
0000000000000000000000000000000000000001
0000000000000000000000000000000000000001
0000000000000000000000000000000000000001
0000000000000000000000000000000000000001
0000000000000000000000000000000000000001
0000000000000000000000000000000000000001
0000000000000000000000000000000000000001
0000000000000000000000000000000000000001
0000000000000000000000000000000000000001
0000000000000000000000000000000000000001
0000000000000000000000000000000000000001
0000000000000000000000000000000000000001
0000000000000000000000000000000000000001
0000000000000000000000000000000000000001
0000000000000000000000000000000000000001
0000000000000000000000000000000000000001
0000000000000000000000000000000000000001
0000000000000000000000000000000000000001
0000000000000000000000000000000000000001
0000000000000000000000000000000000000001
0000000000000000000000000000000000000001
0000000000000000000000000000000000000001
0000000000000000000000000000000000000001
0000000000000000000000000000000000000001
0000000000000000000000000000000000000001
0000000000000000000000000000000000000001
0000000000000000000000000000000000000001
0000000000000000000000000000000000000001
0000000000000000000000000000000000000001
0000000000000000000000000000000000000001
0000000000000000000000000000000000000001
0000000000000000000000000000000000000001
0000000000000000000000000000000000000001
0000000000000000000000000000000000000001
0000000000000000000000000000000000000001
0000000000000000000000000000000000000001
0000000000000000000000000000000000000001
0000000000000000000000000000000000000001
0000000000000000000000000000000000000001
0000000000000000000000000000000000000001
0000000000000000000000000000000000000001
0000000000000000000000000000000000000001
0000000000000000000000000000000000000001
0000000000000000000000000000000000000001
0000000000000000000000000000000000000001
0000000000000000000000000000000000000001
0000000000000000000000000000000000000001
0000000000000000000000000000000000000001
0000000000000000000000000000000000000001
0000000000000000000000000000000000000001
0000000000000000000000000000000000000001
0000000000000000000000000000000000000001
0000000000000000000000000000000000000001
0000000000000000000000000000000000000001
0000000000000000000000000000000000000001
0000000000000000000000000000000000000001
0000000000000000000000000000000000000001
0000000000000000000000000000000000000001
0000000000000000000000000000000000000001
0000000000000000000000000000000000000001
0000000000000000000000000000000000000001
0000000000000000000000000000000000000001
0000000000000000000000000000000000000001
0000000000000000000000000000000000000001
0000000000000000000000000000000000000001
0000000000000000000000000000000000000001
0000000000000000000000000000000000000001
0000000000000000000000000000000000000001
0000000000000000000000000000000000000001
0000000000000000000000000000000000000001
0000000000000000000000000000000000000001
0000000000000000000000000000000000000001
0000000000000000000000000000000000000001
0000000000000000000000000000000000000001
0000000000000000000000000000000000000001
0000000000000000000000000000000000000001
0000000000000000000000000000000000000001
0000000000000000000000000000000000000001
0000000000000000000000000000000000000001
0000000000000000000000000000000000000001
0000000000000000000000000000000000000001
0000000000000000000000000000000000000001
0000000000000000000000000000000000000001
0000000000000000000000000000000000000001
0000000000000000000000000000000000000001
0000000000000000000000000000000000000001
0000000000000000000000000000000000000001
0000000000000000000000000000000000000001
0000000000000000000000000000000000000001
0000000000000000000000000000000000000001
0000000000000000000000000000000000000001
0000000000000000000000000000000000000001
0000000000000000000000000000000000000001
0000000000000000000000000000000000000001
0000000000000000000000000000000000000001
0000000000000000000000000000000000000001
0000000000000000000000000000000000000001
0000000000000000000000000000000000000001
0000000000000000000000000000000000000001
0000000000000000000000000000000000000001
0000000000000000000000000000000000000001
0000000000000000000000000000000000000001
0000000000000000000000000000000000000001
0000000000000000000000000000000000000001
0000000000000000000000000000000000000001
0000000000000000000000000000000000000001
0000000000000000000000000000000000000001
0000000000000000000000000000000000000001
0000000000000000000000000000000000000001
0000000000000000000000000000000000000001
0000000000000000000000000000000000000001
0000000000000000000000000000000000000001
0000000000000000000000000000000000000001
0000000000000000000000000000000000000001
0000000000000000000000000000000000000001
0000000000000000000000000000000000000001
0000000000000000000000000000000000000001
0000000000000000000000000000000000000001
0000000000000000000000000000000000000001
0000000000000000000000000000000000000001
0000000000000000000000000000000000000001
0000000000000000000000000000000000000001
0000000000000000000000000000000000000001
0000000000000000000000000000000000000001
0000000000000000000000000000000000000001
0000000000000000000000000000000000000001
0000000000000000000000000000000000000001
0000000000000000000000000000000000000001
0000000000000000000000000000000000000001
0000000000000000000000000000000000000001
0000000000000000000000000000000000000001
0000000000000000000000000000000000000001
0000000000000000000000000000000000000001
0000000000000000000000000000000000000001
0000000000000000000000000000000000000001
0000000000000000000000000000000000000001
0000000000000000000000000000000000000001
0000000000000000000000000000000000000001
0000000000000000000000000000000000000001
0000000000000000000000000000000000000001
0000000000000000000000000000000000000001
0000000000000000000000000000000000000001
0000000000000000000000000000000000000001
0000000000000000000000000000000000000001
0000000000000000000000000000000000000001
0000000000000000000000000000000000000001
0000000000000000000000000000000000000001
0000000000000000000000000000000000000001
0000000000000000000000000000000000000001
0000000000000000000000000000000000000001
0000000000000000000000000000000000000001
0000000000000000000000000000000000000001
0000000000000000000000000000000000000001
0000000000000000000000000000000000000001
0000000000000000000000000000000000000001
0000000000000000000000000000000000000001
0000000000000000000000000000000000000001
0000000000000000000000000000000000000001
0000000000000000000000000000000000000001
0000000000000000000000000000000000000001
0000000000000000000000000000000000000001
0000000000000000000000000000000000000001
0000000000000000000000000000000000000001
0000000000000000000000000000000000000001
0000000000000000000000000000000000000001
0000000000000000000000000000000000000001
0000000000000000000000000000000000000001
0000000000000000000000000000000000000001
0000000000000000000000000000000000000001
0000000000000000000000000000000000000001
0000000000000000000000000000000000000001
0000000000000000000000000000000000000001
0000000000000000000000000000000000000001
0000000000000000000000000000000000000001
0000000000000000000000000000000000000001
0000000000000000000000000000000000000001
0000000000000000000000000000000000000001
0000000000000000000000000000000000000001
0000000000000000000000000000000000000001
0000000000000000000000000000000000000001
0000000000000000000000000000000000000001
0000000000000000000000000000000000000001
0000000000000000000000000000000000000001
0000000000000000000000000000000000000001
0000000000000000000000000000000000000001
0000000000000000000000000000000000000001
0000000000000000000000000000000000000001
0000000000000000000000000000000000000001
0000000000000000000000000000000000000001
0000000000000000000000000000000000000001
0000000000000000000000000000000000000001
0000000000000000000000000000000000000001
0000000000000000000000000000000000000001
0000000000000000000000000000000000000001
0000000000000000000000000000000000000001
0000000000000000000000000000000000000001
0000000000000000000000000000000000000001
0000000000000000000000000000000000000001
0000000000000000000000000000000000000001
0000000000000000000000000000000000000001
